25066	26377
21233	29615
24963	27377
25190	25521
25361	27925
25138	26771
21604	27980
24299	28466
21057	26698
21884	26088
22904	28050
22313	25640
25182	25957
23714	26970
22672	26665
23511	26497
23012	26321
21549	28164
21316	27227
21913	29209
24263	27498
23820	28275
23881	26465
24414	26015
24659	27777
22675	26386
22498	28354
24357	29550
21051	25545
25108	27343
24707	28960
22590	28397
23748	25734
24033	25546
25307	28112
25378	26281
22281	26944
21958	26160
21282	26168
21345	28759
21342	29272
22849	27997
22471	25595
24598	29055
22945	26059
21588	28818
23636	25543
21400	27493
24976	29955
22385	29330
25291	27486
22084	28460
24380	28836
22395	25932
24327	27502
21837	29983
21731	25557
24512	27689
22848	27619
23546	25739
25253	26621
21909	29308
24884	28669
23705	27246
23297	27514
24183	26214
22331	26390
23139	26106
23929	26176
21118	26725
24168	29912
23344	29490
21658	29544
25251	29421
21061	26339
23165	25758
24219	25760
21506	28535
21573	28353
21296	27657
24654	27434
22522	29095
23341	28305
22783	26374
22201	29398
25092	28692
21313	26630
23406	28148
23846	27445
22804	29262
24295	29274
21625	25509
21014	26824
24130	29809
23429	28289
22051	27907
25211	27090
24868	26719
24018	28891
24977	29533
23490	25715
23999	29848
23143	28712
21681	29722
22362	27736
21018	26322
23912	27625
21271	29247
24873	27215
23055	27905
23441	26533
23562	27456
21293	26565
24091	29325
22832	28677
25185	25627
24928	27522
24092	26077
22352	29825
22049	26425
25094	29110
24376	29525
21113	26799
25261	27325
22565	29144
23316	28072
22241	27772
22660	29805
21833	25782
23451	27788
21526	26055
24498	28544
22899	26739
22347	26481
24153	28407
25464	27436
22526	25516
21324	29039
24456	26620
23209	28643
23561	29461
23585	29563
21752	28909
23927	29894
25287	26405
23651	26956
24341	28091
25078	26091
24773	27775
21943	27023
21730	28125
23677	28878
21842	27568
23534	27316
23598	26263
23745	29156
24541	25517
23301	28170
24206	26306
24032	26801
22827	25944
23020	28456
22547	28356
24492	26532
22109	27738
23033	29169
23602	28554
24317	29658
24345	27240
22013	29450
25432	27036
25426	26661
23556	29716
24957	26255
23016	29469
23793	28060
24551	28942
24587	25515
21655	26794
22943	28788
23260	29270
24017	26616
24402	26571
23442	29397
23311	28749
21596	28207
22433	28021
23586	29219
21973	29821
23889	29562
22636	26256
21056	28790
22730	28542
25295	28523
23775	25614
24857	28146
22907	29090
21558	29925
25339	29511
22327	27350
22561	29030
21474	27261
24908	27145
24396	29734
21759	28448
23757	27883
24869	27391
24913	28442
21819	29349
24856	26368
21435	27070
25488	26180
21041	29990
24117	28276
22334	28095
22600	29883
22538	26968
23609	29993
24125	28470
21840	29100
21193	28691
22149	28116
24104	28591
21167	28414
23100	29466
21725	27191
23725	29155
23698	28660
21917	28232
25289	28049
22491	25983
23333	26617
21273	28962
24473	27411
22367	29648
22027	25869
24136	27156
21125	28389
25252	28816
23993	27660
21092	27232
21388	29667
24753	26371
24682	29437
23886	26780
25357	27878
23052	26942
24596	28617
23174	26504
21366	29011
23501	29092
23080	26997
24970	29033
24553	27547
25153	29857
25494	29619
25288	27403
23266	26670
21585	27674
25364	29188
25009	29700
24582	25785
23533	28031
24829	29147
24201	27446
22324	28459
23778	28138
21062	26445
25219	28936
21444	28071
21026	28189
23369	27154
22088	27428
22301	25756
23594	26141
25368	27362
24810	28270
24115	28292
25060	26400
22595	26810
24550	29375
21643	26894
24584	27870
24692	26699
25149	27468
23492	26955
22271	27692
23312	28062
22010	26874
22733	27444
21347	27643
24273	29180
21649	28444
22036	27038
22952	29328
22198	27977
25250	27943
22819	27008
25097	28085
24723	29708
21420	26746
22715	27019
22984	28675
22961	29781
22688	27865
25068	28827
22200	28386
24621	27021
23426	28951
24982	25903
22068	29739
24086	29813
22423	28614
23162	28961
24840	29735
22912	27130
23727	26922
23780	27776
23006	27588
24823	29880
23377	25807
23601	25822
22743	29139
22229	29351
22628	29426
24222	27539
24951	27462
23446	27077
22251	29052
21489	27305
22545	29898
23922	28155
22902	26637
21650	28319
24648	25939
22004	27099
21867	25833
24266	26939
23840	27847
21243	27807
21928	29653
23615	29448
22905	27369
22569	29177
23067	29233
21944	27466
21968	26654
22957	25825
21795	26976
22057	26607
23809	29131
22227	28333
23064	27833
21375	29229
21015	29803
24370	26629
22593	26509
22958	28216
21322	29359
22639	26479
25468	28032
21847	26216
24564	28280
22328	26539
22474	28282
24096	28666
22376	25535
25394	27739
22384	26569
23753	29569
24973	28005
22414	29999
23734	26548
24960	28221
24984	29843
21139	29602
21461	29417
24770	29988
24576	26873
22351	29664
22420	26947
21921	27959
21959	25895
22859	28911
23130	29974
22325	27704
25170	29125
24574	28557
22023	27100
21263	25553
24114	25767
21426	28696
23193	27448
21814	26345
23134	28315
24410	26421
24662	28094
23419	29386
24290	28480
25260	26650
25350	27412
22316	26855
23516	25861
21359	27125
23709	26762
23252	29776
24318	28172
23657	26349
23570	26715
22163	29135
25285	28516
23071	26575
21858	29651
22566	29860
22074	26974
21747	29190
22071	25766
25003	29166
24339	27047
22075	26231
21534	27402
25214	27779
22810	29886
24714	27607
22607	29031
21387	29424
23413	26222
21773	26195
24948	26198
22749	26838
21910	27140
21661	29613
21568	25657
25297	25592
24846	26528
21514	25519
21333	28286
23046	27103
22527	26419
24016	25565
21025	25966
21557	27976
22580	29143
24387	26459
25087	25923
24448	25995
25116	26382
22219	27479
21804	26909
22293	26966
21652	28465
21716	28683
21174	27306
25493	27718
22322	27802
21038	25866
21102	26286
23332	26173
22633	26983
24088	27186
23167	27196
22831	29182
21500	29956
24761	27640
23937	28314
21253	26381
23692	25938
21211	29660
24516	27265
23444	26166
23065	29584
23108	28220
24878	27546
22439	28773
23448	27616
24347	28482
21851	27425
24656	28381
23911	28637
25356	28586
21311	25735
23907	28344
23706	29946
22329	27538
22877	25532
24377	26825
24274	26606
21305	28093
22866	27155
21488	27094
23145	29216
24165	29252
24195	29382
21807	29773
22092	27887
21497	27383
21684	26235
23331	26568
21380	29890
22018	27830
21090	29875
22591	26823
24663	26112
21250	28668
23203	29278
21963	26643
23481	27720
21559	26297
21937	28479
23913	26935
24431	27673
24923	26210
24724	26333
21286	29462
23459	29824
22361	26625
23300	26795
22941	26062
21436	29194
24497	25778
22998	29671
23536	29508
24824	29259
24799	27101
23606	28156
21878	29013
23845	27480
21442	29065
24505	26802
24959	26023
24102	26447
24736	29631
21509	25930
22722	27027
24993	27620
22648	28303
25264	29146
22643	29957
21104	28011
24060	29733
22681	28513
23832	27926
23827	29558
24935	29581
21843	27728
22892	25986
24055	25984
22091	28499
21939	25712
22535	27169
23019	26257
25012	28222
24668	29692
25490	28585
24133	26446
23658	29741
21887	25609
22143	27025
23477	27010
24112	26594
24632	29996
24066	27508
21802	29296
21801	29094
21031	27809
23887	28559
24749	28151
22303	29161
21953	28336
22411	29201
22990	25504
23126	27592
22929	26716
21672	29368
23090	25576
21423	26084
23854	27382
21266	28887
25004	28932
23535	26388
23084	25569
23642	29432
22876	29643
25180	27491
22307	28764
22786	26394
25425	25630
24758	29178
22862	27378
23730	27810
21907	29669
24322	25737
23321	29479
25323	29341
22719	29162
22043	26399
23387	26117
23800	28139
22612	28572
23866	26283
24224	28233
25445	25638
24373	25670
22797	28307
24282	26032
23256	28632
22134	27880
22644	28373
25147	26079
22117	29932
23701	28905
22369	29571
25039	26754
22577	28067
22888	26501
22124	27141
23784	27849
24474	26907
23523	28584
23493	26969
21340	25624
25496	29764
21771	28805
21992	29168
22090	26835
23559	28809
22011	28393
21314	26881
22176	28265
21863	28864
25178	26658
25302	29454
23824	29266
22808	28323
24293	27224
23984	29436
21153	28477
22132	28830
22828	28706
24053	27327
23721	28813
23831	26783
23751	27056
24765	29492
24351	29256
22473	29740
22983	29186
22483	27899
24288	26738
24471	29312
22760	26103
21054	27930
21097	26496
22470	27384
24623	29927
21475	26991
23003	29041
24188	28634
25408	26025
22239	27236
21707	29770
25088	26992
23000	26755
22085	29069
22191	27472
25437	26561
25360	28484
21642	26334
24319	29127
21247	28192
23639	28104
23815	26844
23616	27968
24403	28743
23647	27190
24949	28122
23035	27678
21979	26336
22744	28488
22629	28581
24854	29827
23098	26092
25443	27605
24946	25835
24738	29390
24834	27685
21894	25577
21758	26499
24898	26928
22421	28241
25083	28984
22794	29289
22188	26652
23206	26453
22196	26978
24752	26759
22969	28530
25385	27465
25171	27216
24526	25898
24655	28876
23288	29936
23992	26632
21373	27713
24595	25904
24123	29257
24766	27687
21908	28867
24940	27767
25063	29418
23764	29122
22708	29947
22725	25530
24026	25623
24529	27609
25375	26115
22946	29942
22005	27859
22349	25682
24022	28037
25155	28004
22248	27559
22690	26488
24447	27751
22864	28152
22111	25511
23254	28317
24098	29016
21880	28202
21453	25787
22203	26860
22152	27515
25086	26009
21922	27567
24192	26090
21463	26588
23342	29395
23683	29784
22555	25717
23026	26657
23073	25824
22234	27911
21390	26006
23841	26038
25160	26240
21692	26415
25482	27655
24065	27829
25478	27719
21519	26380
23899	29286
25077	26653
23336	27564
22193	26979
21103	28366
24592	27796
22450	29689
22254	26233
24545	27696
22158	27345
24010	27898
22223	27303
22857	28097
22295	28114
22558	28244
21341	29971
21281	26144
23806	29360
24729	27785
23488	28925
21829	27484
23069	27319
23700	26483
22161	27812
24476	28939
22209	25979
21392	26004
22930	27201
22184	27996
22778	26584
21320	29621
24426	26440
22412	27854
21548	26183
24943	27909
24162	28485
21712	29668
21648	26087
21792	27615
22508	28912
25073	29081
21209	28822
23330	28487
24210	29535
24067	28934
22696	26871
22122	28174
25126	27351
22020	27098
23988	27641
22255	29847
24816	27298
24243	25931
25001	28739
22588	29798
21688	29130
22674	29884
24841	27650
21301	29523
22509	27554
24303	26078
24594	26578
24628	29598
21864	25502
21723	29474
24676	25528
25304	29738
23200	29080
22276	27586
21941	27030
21706	26722
23604	28704
22557	28443
25369	29350
24614	26572
23844	25905
24906	26896
23375	29123
25352	29701
23384	27666
22082	28358
22624	27597
22467	27927
22032	29820
21377	27147
22673	26471
24490	26677
21411	26014
22340	28702
23078	27915
23823	27618
25388	27784
24934	27527
21059	27566
22993	26048
25191	26132
24835	26590
24600	28086
24894	26312
23883	27765
23596	27269
23155	28769
22431	27721
22116	26686
22977	27497
22845	26503
24927	28025
22776	27816
22738	28926
25122	27296
22578	28262
22529	28340
21075	26967
23945	26513
21532	29378
22635	27507
23505	29960
22881	28012
24069	29153
23645	26806
23908	29914
24316	26219
24850	28735
22187	29573
24475	26317
25389	25977
21745	25955
23171	28991
24717	27474
21060	29133
22174	28659
24268	27254
21338	27593
21406	29834
22726	25632
22627	26640
25296	29720
21394	28771
21185	27066
23761	29231
21277	28729
24042	29142
21168	26542
21561	27297
24806	26113
21933	28503
23537	27648
22457	27839
21949	29222
22189	26595
25353	25770
21076	25606
23982	28124
25348	25865
24286	28316
25242	27949
22922	27536
23685	28800
22713	25818
24986	27855
21246	25649
22893	27580
24640	26678
22345	29949
23760	25683
22933	29314
23626	27630
24732	26344
21424	28610
22375	27061
22530	29072
24276	27333
22217	27862
24063	28970
21386	28521
25079	25856
23876	29910
22609	27473
22429	26008
21904	28571
22400	29970
24082	26404
21085	26649
24866	27401
23557	26227
21310	26826
23318	27409
21188	26435
21985	29124
22714	25589
24619	27018
24941	28401
22656	29111
23133	28968
22668	27577
21852	28038
21873	26676
21891	29804
25154	26313
22723	27326
23634	28789
23518	27118
22267	27461
24755	28751
25120	25921
22700	25708
23973	25572
25495	28363
24933	26931
22543	27408
23590	29070
21591	29176
21372	25714
21133	27432
24076	25575
24860	26265
25145	25603
21498	26750
24713	29010
24442	28490
24156	25918
22110	27331
25382	26521
22571	25969
23862	25556
22634	26525
23652	29895
22548	29327
21265	26692
22771	28700
21679	27000
21446	25641
22404	27095
21914	25523
23741	27492
23528	25765
23825	29119
24343	28263
24730	28084
23738	26320
25238	27639
24617	26119
21407	29078
21503	26123
24365	26441
21969	28707
21070	27521
23072	29737
23953	29842
24917	26300
25193	26192
24077	26634
23057	28181
22809	26172
22953	28596
23433	25914
21586	26770
21227	26958
23977	25539
23759	29193
22398	28575
25274	28331
21477	26049
22717	26846
22927	29107
21225	26814
24074	29678
24731	27791
25030	28593
23150	25631
21202	29339
22050	28154
22151	27826
24205	29601
22756	28481
23257	28672
23334	27163
23684	29538
24952	29862
22617	29056
22292	25722
21353	29811
24421	29101
24903	28014
24879	28408
24677	28861
24768	27675
21230	28100
24214	29403
24002	28214
21952	28020
22141	29838
24980	27710
24208	25906
22879	29691
22991	29445
25032	25541
23281	29441
22517	29287
23398	27667
24257	28528
24244	28026
22772	26576
22096	27590
24599	25673
21175	26541
22769	26797
22594	29791
24020	25768
23368	27165
21890	27268
24909	27247
21249	26308
23891	29340
24260	28000
25026	25796
21224	29363
24200	26111
23251	27042
24412	26026
25125	29748
23855	27947
25229	26189
21708	29572
21584	28526
21241	29627
22670	26005
22799	26076
24912	29645
22680	27869
21666	27525
23313	29975
22975	27741
23491	25526
23220	27557
21619	25566
23169	26805
21860	26915
23503	25961
21043	27203
23353	25872
22897	27868
21788	27945
21800	26867
25131	27442
21535	27183
25333	27452
21203	26500
24845	29552
22257	28728
21063	28823
21971	28948
24159	28341
23109	26784
24836	27647
23558	29570
21011	26972
24646	27181
22006	27223
23653	27262
23450	26407
24240	28396
24950	27116
23623	26201
24939	29864
25259	28346
24622	27406
22249	26094
22757	28808
23110	26516
21830	26143
25324	29865
22816	29400
21138	26605
25095	26760
23515	26278
21582	29641
22524	29117
22441	25580
23136	29381
25225	27749
23486	27367
21050	27637
21753	27252
24140	27166
21294	28915
24336	29083
23443	27903
21287	29849
23948	25747
24593	28622
23005	29774
24661	25858
21927	29141
21834	27259
21199	29024
25466	25586
25483	29526
22520	28009
25202	28165
23106	25993
24780	28996
24704	29896
23529	25659
22802	27400
23275	27755
22207	27431
21415	27244
24462	29582
22962	26130
24803	27627
23547	29291
21911	29564
23380	26675
24005	25723
22337	26902
24643	28783
23498	28179
22745	28534
22581	28952
21809	26007
23650	29140
24988	29761
24302	29108
24915	26175
21165	28896
22516	25847
22440	25848
24181	25883
25128	29022
22641	28705
24399	29591
24772	26127
23818	26837
25484	26936
23842	28820
23404	29271
23509	25701
21465	29687
21457	29079
21676	28807
23208	29899
21115	25887
23978	29673
22573	25828
23399	29170
23242	29743
25058	28856
21918	27900
22231	29208
22869	29054
23198	29089
22454	28906
21875	29576
23102	27013
23500	28215
24633	28500
24108	28429
23857	28803
21749	28640
21662	27933
22705	27370
24577	28183
23578	28850
24645	28510
22098	27700
21221	26439
23366	28649
21744	27353
21365	29779
21179	26702
24523	28016
21615	28113
23117	26505
21839	28785
21177	28548
21624	28419
25257	26833
23661	29204
23749	29853
24751	27530
23395	26524
23965	28762
24590	29903
21382	28592
23291	29926
24367	28709
22528	26644
21822	25689
23348	27823
21639	28646
23526	26022
25371	28077
24783	27638
24649	28549
25080	29225
25314	26122
25136	27733
22701	26718
23153	26733
21905	27029
21989	26982
25041	27975
21614	28239
24228	27447
22842	27308
23355	28560
23229	29854
21172	27611
21258	26433
24561	27762
22626	29980
23416	26633
23166	29782
22601	26305
24432	29217
22640	27482
23043	29935
23644	27884
22177	26847
23762	26267
24719	27645
23613	29693
22925	29684
24937	29964
23141	28015
22279	28590
24647	29969
25038	25996
22264	29815
24651	25802
22910	28064
22140	28068
21269	25805
25431	26737
21204	27237
22067	26536
23074	27540
22215	27230
25444	27044
22194	25506
22829	28582
23034	27168
24087	27511
24515	27451
22663	29863
24417	27752
25207	25849
25470	28357
24154	27063
21485	28997
24820	29137
21599	29396
23062	26095
24209	26142
21947	27467
22923	25578
25025	25560
21431	26460
24093	29043
23805	27712
21291	26772
22833	29874
21385	26239
21073	25579
22642	29399
22259	29868
21961	29510
21355	27074
21023	26598
24364	26803
24158	27770
21623	28486
21798	25970
25303	27600
23325	27238
23030	29128
23618	29836
23903	29676
24716	27012
22934	29766
23635	29543
24853	26916
23222	28663
21865	25540
23082	27897
21976	27827
24711	28351
23987	26352
23304	29433
22274	28730
25474	26563
23816	26296
22541	27794
24720	29819
25278	29723
24151	27817
21091	29357
24332	26202
25471	26502
24258	26429
23283	27852
22838	26413
22750	28734
23986	26364
23873	27882
23180	26291
24296	28208
24961	25793
24444	28092
21686	28717
22574	28550
25203	28868
22054	27623
24996	26906
23785	26355
21739	27693
25139	27159
21223	27632
25446	28658
24611	27174
23204	27300
23932	26495
23813	29029
23101	28833
23569	26417
24509	28464
22987	27781
23991	25562
24936	26786
23465	26981
24189	25982
22133	29736
22321	28224
23285	26070
22435	27614
23259	26187
21728	27595
24585	26811
24958	28238
25199	29006
22677	27664
22598	29232
23379	28129
24895	27885
22042	26508
24506	27950
24229	28600
25196	29323
24097	27499
21210	28006
25218	27313
23946	28298
24871	25567
23289	27249
23744	27957
21255	28186
23571	29589
22599	29891
24166	27705
24311	27982
24665	26137
22007	25508
24328	26856
22456	27258
21962	27213
21452	28999
22175	29220
24962	26410
21841	27426
22513	28136
24709	28662
21694	28003
22936	27706
24179	27239
24223	29518
21252	29098
22504	26343
24710	27170
22280	29320
23723	26402
23337	28671
24629	26821
23975	28087
25010	29026
24695	28157
22855	29475
22009	25935
22029	28701
21964	29404
21099	25574
23400	29046
22482	27366
21112	28054
22472	26574
24141	29105
24942	28160
24196	25500
22180	29867
21628	27195
24308	25748
21984	28902
21053	25602
24469	28959
23091	28425
22889	29632
21536	25648
23089	27441
21473	28158
23974	25534
23272	25654
23750	26044
21583	28843
22162	28145
25076	27164
21450	25844
23282	25598
23161	28760
24489	26396
22356	26462
21715	25687
23916	28332
25163	29299
25172	26843
22767	25600
21360	26656
23352	27256
23508	27205
25430	27429
23424	26945
23659	29428
22160	26612
23918	27837
21052	25912
24563	27813
21678	25613
23277	29545
21109	28698
24464	27684
25439	29682
21201	27490
23279	27257
24479	29093
23196	28101
22511	27964
25395	28895
24817	29442
23381	27457
23555	26950
23284	29240
24393	27697
21868	28869
24405	26674
22129	27548
22265	25909
25282	25920
22305	26964
22732	27894
21016	27923
24811	28063
23885	25706
23032	25754
22650	26729
21397	26354
23668	28347
21986	25698
24231	26669
25392	28661
25179	27842
24992	28247
24478	27876
25281	27727
22171	27679
22775	25985
24398	27922
22553	29767
25133	28412
25115	26949
23350	26708
24998	28161
24467	28623
21021	29832
24855	27211
24975	27318
21132	28607
22989	26901
25159	26482
23221	25667
25355	26105
23456	28538
23045	26946
25241	28630
23151	28699
21292	29628
22735	26365
23217	27208
24896	26668
24040	29633
21317	28166
22618	27669
23572	27439
24495	29023
23146	28273
23246	29918
24445	27424
21520	26204
22126	25643
22107	25771
21428	29795
21120	26765
24486	28608
23621	28835
23666	27433
21022	28774
21877	25745
22746	27995
24207	25809
22679	27946
24889	29565
24675	26710
25220	27002
21787	25913
23092	26430
24012	27386
22017	29595
21664	29788
25157	26065
23512	26294
23994	29596
22863	28430
25113	26060
24152	26853
21195	26054
23896	27177
21791	25943
21883	28188
23878	27663
21698	26852
21144	29402
22342	27584
22156	29227
23097	26356
21663	29120
25081	27253
23663	26324
22289	26882
22101	27198
24468	26707
25384	27375
22780	26209
24126	28082
21493	27918
24253	25792
22533	29356
21593	26511
24239	28901
24304	27877
23821	29017
25345	28338
23038	27906
24451	27046
22798	26443
22667	27361
21065	28447
21608	26126
21030	26517
24301	25964
24781	26350
21114	25512
21600	27379
24605	29534
22789	26820
25317	28837
25144	26724
24400	25563
24015	29889
23021	26761
25148	26651
25499	26531
23890	27603
22532	28815
21683	29401
24202	28650
23323	28849
22518	27282
23041	26624
23631	26463
21997	25790
22262	26221
23063	28589
23874	29958
23144	28446
22319	28191
21537	29568
25103	28609
21635	28766
23716	25928
21272	26927
25266	27658
23007	25806
23696	29742
23186	26171
23995	26098
23152	25951
23119	26993
24708	27820
22521	27801
24300	29344
22424	27188
22662	26679
24938	28399
22939	28450
24932	25791
21412	27478
21032	25733
23128	25672
23909	27126
21371	27576
21565	26093
22631	25510
23550	26389
21231	27083
22974	27459
23270	29760
22035	29944
25101	28844
21579	26938
22895	27302
23105	29711
24174	27113
21207	25917
24925	28761
25150	29968
23943	26747
21622	26486
23176	29498
24057	25601
23015	29309
24842	26193
25055	28243
21996	28203
24356	26687
23403	26099
23121	29726
23900	28731
22921	27091
24155	29184
21978	28796
22512	27974
21155	26791
22996	26285
25292	27969
24392	29493
25106	28090
22039	26523
24272	26862
21889	27631
21129	27662
24439	26646
23299	28256
24262	27958
21158	29943
23989	26868
22453	28615
21339	25716
23665	26249
24427	25927
22287	28893
24813	28741
21101	27342
21577	27571
24029	27151
21995	28120
21768	27290
24688	27972
21007	27001
23624	28321
25216	26448
24306	28302
24161	27818
23898	26397
25036	25663
22500	28605
22427	29438
22948	25596
23187	26645
24139	29665
21701	28053
23812	29989
24438	27192
25050	29236
21601	27072
23031	28627
25173	26817
23966	27153
24058	29063
23611	29757
21874	25823
22221	29771
22740	26585
23407	27610
24484	27041
21180	29797
21767	27602
23027	29962
23577	27137
24821	27393
21750	27161
24737	28655
23440	27228
22041	27659
22408	29818
23790	26857
25409	27407
23223	26361
21644	28227
22959	28033
22211	27633
22487	25878
21460	28279
23956	27729
24756	27966
22682	29801
22911	26292
22942	27200
25020	26940
24779	29998
23115	28252
22812	27270
21613	25967
21362	26069
24006	26858
24404	28118
24991	25759
23455	26831
25022	27069
25002	27022
23971	29750
25407	29045
24213	27314
22980	26211
24034	26319
21656	27463
21146	29497
24872	27048
24809	27711
24721	29371
22179	29593
25286	26895
24929	28069
21817	28061
23686	27338
24684	27255
24071	28943
25247	28451
23998	27979
23625	26959
21508	28665
21028	25819
21587	25991
24008	25789
22676	29904
21215	26888
21337	28697
22586	27322
24966	27416
22442	27570
22428	25612
25381	27075
21967	25817
23138	28842
23396	27221
24079	27420
25402	26139
24953	28711
21121	26036
24283	26549
21321	27512
21017	28461
22311	29549
21148	27454
24144	29150
21237	29790
22488	27062
23070	28324
21033	29881
22611	26147
22390	29928
25373	25607
25328	28361
22323	28780
23580	25650
24440	29706
25337	27990
22575	26948
22282	26315
24664	27579
21238	27487
24725	27867
22817	28023
21924	28976
25100	27340
23979	25953
25469	28462
22592	29405
24793	26012
24638	26203
24461	28786
23781	26587
23882	29294
21871	28881
22014	25773
21213	27097
24969	26104
21178	29654
24116	28684
24979	27803
23351	27677
24653	29040
23517	26994
22309	26357
25059	29284
23320	26642
21906	26138
22237	28309
25346	25527
25175	28128
25184	25647
21808	27578
23347	29021
22647	28884
24905	27834
23699	29605
22019	27329
23458	28879
22213	29109
24003	29295
21401	26865
25244	26002
24748	28296
24570	27197
21027	28846
21218	27034
21641	29311
21315	29548
21437	28633
23766	25501
25206	29835
23302	29470
24606	28048
21330	28866
22261	25798
24625	26586
22040	28957
21451	28306
22416	29866
22790	26714
21323	26053
21140	29394
23544	25874
21106	27989
21507	28946
23755	27848
22045	25744
23895	28411
21349	26158
21357	29859
24532	29239
25411	27622
22318	27387
24051	26335
24882	26639
23286	28563
24864	26477
21772	27520
22928	26518
22515	25783
25091	26369
24642	28710
22883	29527
21196	27582
24049	28855
25313	29747
22502	29940
21433	27374
24424	28945
21605	27745
22572	26743
23622	26039
22034	27285
24483	26034
23338	29551
24689	27596
24191	25646
23510	26153
23901	28892
25473	26379
23374	29409
24543	27985
22995	28375
23054	26648
21307	28204
21176	26545
21468	28106
24277	29068
21002	29541
24137	27940
22263	28360
23779	25695
22434	28894
21369	29696
21543	27294
23627	27890
22784	28779
21434	29704
24289	27814
25399	28927
21181	27914
25213	28851
24075	26186
24466	25926
22312	26558
24954	29683
23234	27143
21621	29505
21853	29280
22919	27494
21950	26275
23340	28965
23925	27309
23122	29329
22698	29630
24147	26522
21166	25941
23724	27158
22373	27644
22724	28947
25177	25857
24330	27654
22298	25699
24386	28046
24812	27768
25255	29728
25029	27128
22721	25877
23329	29467
21900	27376
23328	28299
22003	29053
23939	27212
22860	26353
21748	27806
21105	29020
25418	28748
22484	26041
22916	26667
24613	29322
24368	29963
23410	29594
24635	26834
21540	25757
24831	29258
21754	28056
25228	29608
23565	27857
21409	26996
23711	26530
23542	29909
22814	26682
22093	28985
22999	29528
24028	25973
23739	28255
21522	26815
21719	28986
24024	27102
24956	26461
24103	27364
25428	26146
23702	26919
21046	25924
24776	27115
22368	25661
21039	28695
21729	25850
22973	27585
21182	28533
21300	28890
24007	26921
22218	26244
25351	29950
25200	26553
24726	27176
22064	28153
24291	29494
24173	28863
24769	28387
23397	27359
23358	28733
25366	25879
25093	27245
24325	28529
22127	25686
25386	29850
23137	27481
25112	28801
24702	28791
22330	29364
21034	29586
25312	28977
23681	28953
23349	28325
24287	26258
25433	27955
25256	27797
23983	27392
21515	27811
22703	27649
22551	26458
24861	26217
24340	29624
24802	25911
22947	26125
22695	29542
24552	26408
21564	27988
24215	26472
23484	27217
24608	28520
22949	26348
24216	29785
23892	26562
23489	26876
23468	29379
21697	29783
23435	28167
24118	26655
23513	29924
21169	25660
25221	26024
23401	26697
23837	28512
23427	29084
24312	25803
23418	29002
23194	29335
22604	27310
21709	26428
24279	29833
23238	29529
24320	28828
24537	26753
22000	28378
24718	29666
24767	25676
23037	29200
21550	27652
25049	27352
23872	27786
21671	27748
21695	26489
25208	26627
22835	29348
24542	26191
24559	26162
21778	26819
23248	25542
22903	29871
22608	26636
23431	27055
22055	26809
21930	28505
22388	26839
25161	27122
23425	26154
23713	25664
25215	27470
23776	25625
23473	26196
21755	28527
21542	26763
23437	29623
21740	28059
24064	29210
21141	26116
24683	29579
23205	27872
22490	29908
23018	28738
21122	26768
24251	29916
21970	25634
23852	27581
23050	26498
21143	27111
24204	28567
23163	25831
23524	25925
23646	26304
21835	26332
24454	28162
21151	28458
25000	26726
24255	27698
23393	28798
21578	29265
21870	27681
24571	27410
22168	27535
23485	28982
23405	29499
24575	27286
23210	29097
22386	25694
23860	27973
22841	28250
22157	29717
25164	27944
24546	26165
21186	26484
21760	28326
23386	29539
22422	26851
22748	27455
21806	27836
22363	25533
23551	29171
23884	27904
23614	27368
24297	27320
22232	29376
22394	29873
23296	27963
22130	27132
24705	27542
25421	28757
21533	26277
22552	25915
24701	27672
23573	26190
23804	26591
22430	29775
25232	27534
24922	27398
22087	25522
24822	26850
22144	28471
21422	29622
23877	25561
23394	27928
21892	28058
24706	25863
22208	29507
22304	26745
24062	29415
23192	27799
21512	29879
23022	28028
23959	29018
23499	28417
22887	29663
22867	29762
23211	27819
24674	25888
22852	27182
23746	26742
24639	29307
22220	28603
25057	26387
24226	26372
21096	27532
21080	26237
24477	29537
22908	29902
23207	28312
21481	26748
25268	25910
21620	29644
22795	28541
25143	28449
22079	26218
25400	25971
22544	29315
25013	26908
22752	27127
21597	29599
25130	25597
21916	26953
21571	28568
25074	27009
21757	27088
24369	28350
23457	26052
22501	29625
21363	28099
23961	27160
25121	26554
22956	27120
25416	29019
23940	26731
22621	29263
24624	29009
22458	28979
24658	29071
23053	28380
21006	26990
23013	26519
25383	26057
24568	26883
24458	28518
21645	28142
21361	29096
23944	29517
23014	28641
21517	28052
21670	28175
23504	28467
22320	29211
23690	28369
23564	27822
22839	29987
23389	29709
22059	28720
21946	28334
23452	27888
22691	27179
23676	25922
24101	26666
23742	27601
23346	26167
21631	29121
24378	27916
24919	26226
22069	26638
25118	29305
22105	29471
22355	28107
24245	29524
23795	26455
23680	27458
22702	27167
24700	26730
21408	28547
22270	28910
23673	26538
23849	28236
23861	27284
23241	28618
23980	29235
24337	29431
25227	28494
24727	25761
25372	29841
22403	29672
24241	27879
22451	29822
21899	27078
23453	29038
22236	26454
25262	26456
21734	25741
22926	25989
21251	26148
23938	28051
21156	29991
23255	27381
24395	28492
22275	26490
22978	28096
23093	27162
24267	27624
24669	27054
24522	25645
21328	26467
21638	27460
25423	29057
24068	29269
22763	28597
21212	29383
23768	26303
23247	29512
25209	25704
23737	28821
23216	26673
22481	27533
21945	28897
22113	26220
24691	25529
25271	29561
23732	26684
21929	28368
21478	29831
22654	29338
21069	27746
25311	26988
21926	25666
21994	27778
23719	27635
21100	26309
21170	27774
21071	26056
24524	26932
23181	29659
21836	27896
24211	25884
23319	28469
21626	28624
24507	25776
24549	28964
21977	28923
25168	26527
25027	29285
23249	29731
25051	29183
23687	29012
21058	28352
23010	25551
24355	28543
23231	27965
25075	26887
21844	25896
21217	25890
21084	27561
24452	26316
24335	29254
21572	28532
21689	28364
23525	29695
23496	28975
23729	28293
23554	27874
24588	29973
24964	26284
24531	29202
24326	27283
21722	29984
24488	27281
22396	27606
23521	25548
21763	25814
23867	27209
22931	28642
24354	28907
24234	29688
21528	27413
22583	29163
24547	28328
23360	26703
25452	29846
21418	29267
25420	28290
21242	27902
24851	29714
21789	26560
25016	29230
25007	26816
25245	27724
22436	27052
21111	29253
25440	26951
24315	27730
25284	29515
22269	26769
21824	25629
24885	28564
24110	25610
24360	27469
22825	26570
22214	27435
24217	29444
21611	27831
23789	25882
23096	29977
23740	26580
22165	27954
23258	25801
22564	29214
23549	28889
21935	25820
25270	25826
21009	26293
24673	26593
25343	25901
21398	26362
24747	26298
24004	29930
23693	29592
24930	29298
22317	28420
21131	25804
24307	26779
24425	27060
22981	27251
21047	29557
24434	26890
23483	27787
21915	25550
23733	26128
21896	25880
23042	29042
24388	28804
21331	28231
21902	26370
21370	27339
23028	29148
22779	26341
25299	28802
22614	29343
22397	26613
23148	28370
21957	28509
23990	26767
22774	26998
23040	27953
25034	29004
22620	29112
22299	29794
24285	27942
22212	29302
21699	28040
24839	29406
23120	27798
23356	27901
23782	28594
22326	26273
24533	29793
24591	29187
24379	25736
21636	27686
21766	27621
22148	29215
24145	28792
23548	27569
22844	29372
25243	26849
22125	29384
23460	29050
22523	28313
22222	25583
24626	27405
23540	28613
22024	29618
23868	26758
21107	29255
21901	28768
24843	28511
24278	29532
25023	28545
21487	27139
24508	27661
21823	27123
22415	28682
21470	29882
21240	29698
25205	29358
23774	27938
21458	26559
22339	26787
22066	25520
21484	27832
25008	25635
23237	26943
21781	28310
23843	26812
24056	25740
22145	26720
25322	29218
21855	26215
24827	29104
24013	27851
24455	29277
21208	25628
24160	29175
21405	27264
23265	28740
23276	27549
22986	28862
25306	26706
21566	27289
24786	26577
21857	29844
23786	26228
24967	27178
22759	28860
24733	29221
24886	29036
24472	29392
25141	27545
21368	29158
21147	26135
22065	29440
21552	26552
23662	29555
23678	27863
25240	29713
21332	25934
25124	28966
21134	29677
21336	27348
24887	25750
21849	28225
22890	26529
22820	27328
22080	27783
24762	26259
25280	27987
22243	29326
24650	25780
22655	28708
21381	26693
24741	27231
21720	29410
22224	29911
23345	28690
22046	26391
21743	27214
21551	25815
23584	27893
23185	29196
22684	27363
24801	27171
21525	26251
23083	25764
21737	26777
23411	28954
24870	26194
23822	29730
22245	28269
21742	28271
21777	27104
21491	25587
24433	26124
21975	27742
24513	28176
23675	26475
21690	27699
24808	28392
22560	28719
25319	28504
24848	26120
23656	28553
21403	26414
24019	29976
21980	28463
21726	26310
21810	29035
22021	29458
24825	28967
23087	27789
23230	29828
21610	28507
21078	26515
24197	28130
23471	29715
24685	25679
23421	27591
22204	28565
22706	26329
25380	26061
22886	28169
22982	27844
24503	28638
21036	28621
25465	25893
23240	27891
22687	27131
21276	26602
22268	26701
23195	25998
21476	28081
22387	29154
22751	25843
21262	27496
25422	25839
22720	26601
22510	25948
25119	27921
24298	26150
21632	27397
23807	26423
22190	28219
22106	27563
24423	26534
22712	27691
21669	26470
21667	26432
24256	28034
23672	28539
23605	29380
22686	27112
21256	28374
22056	28956
21790	27336
25315	29752
23543	28812
23691	29699
23704	25987
23402	27766
22718	26597
22446	29732
24280	29333
21987	28424
24061	25615
22637	26995
23589	28193
22089	25681
23113	29205
22970	29901
24132	27529
22671	29334
21828	29423
23597	28555
23620	25503
25067	27978
23752	29481
22266	28398
22785	27489
24095	27665
21055	28918
25105	28506
24981	25684
24511	27612
21555	26603
23934	29003
23487	28342
22300	25960
24437	27007
24530	29059
23972	25811
23371	26366
23423	25718
24127	26520
23149	29174
25114	29076
24408	28644
23497	27065
25330	28882
22210	25937
24149	25746
23563	29759
25447	28426
22568	25608
22661	25674
25467	27688
21934	27804
23438	29282
24366	26412
24314	29345
24652	27371
21077	28840
24359	28940
21260	27271
25358	26960
24039	29495
25006	27334
23802	28024
23930	26082
21116	28196
23233	27218
23637	26985
23462	27483
24381	27924
23880	29961
24233	26836
24916	29830
24270	26378
22353	26225
23307	29872
23066	26712
21161	27292
22192	29425
25249	28795
22584	29248
21013	27242
24554	27017
25188	25940
22159	27026
21776	27032
22562	26807
22344	25779
21816	25855
22847	26000
24679	25738
25441	27861
22294	27573
22371	29606
23388	27825
24232	26910
22479	26781
23385	28043
21469	29616
23250	25525
23923	26096
24227	28010
22031	27014
21685	28955
22350	29456
22704	29769
25183	26451
21049	28403
23428	28013
21374	28391
21882	25842
22186	28919
22335	28409
22444	28810
22462	27081
22150	26492
22115	26035
24858	26540
23655	26589
22406	29114
24436	28248
23103	26623
23235	25585
24774	26068
23104	26307
24697	29567
23408	29491
25365	28127
23851	29514
22419	27626
21990	27396
21972	29275
23039	27929
22120	26234
21982	29994
25413	25505
22734	28185
24501	28260
25390	27173
22854	28944
24690	27754
21936	28223
22497	28587
21741	27288
24897	25916
21496	26782
21988	26174
22657	25980
22072	26058
24348	25795
23314	26342
22478	29729
23924	27051
24485	25829
24985	27235
24601	29159
25404	25808
24284	29477
24415	25656
23728	29449
24185	25945
21862	25616
24176	29649
21284	26449
23581	28322
22413	25978
22147	29389
21393	27358
23797	28888
23799	25846
24510	28765
25334	26861
24038	29480
23553	28402
24045	28454
25456	28619
23648	29028
24009	27864
24041	27035
22100	26691
21931	28793
25318	29087
24090	27093
23085	29746
23227	28652
23224	28230
24385	27086
24047	25611
22417	29429
25045	27194
22739	26918
22649	27057
21746	29690
21439	26925
21290	29164
24602	28274
24000	25637
22235	28694
24754	27234
24875	29635
22710	26351
24618	26905
24120	27510
21483	28725
24259	28723
23801	25755
22306	27337
22788	29816
23382	25845
25047	25853
24589	27136
24170	28714
23710	28758
21205	29680
23127	28427
22278	29530
24411	29484
22291	28121
22792	28994
24122	27243
22338	26840
24428	27553
23850	27524
25275	27315
25290	29234
21607	26213
25405	28496
21449	28782
22514	27503
24453	28144
21098	29923
21603	27500
24333	25919
24788	28284
24634	26611
24837	28664
21173	25981
22896	27202
22058	26877
24443	29157
23048	29778
25156	25703
24862	29374
21925	25677
25197	26830
21779	26546
25309	29792
24641	27016
23695	26043
21279	28772
22693	28963
22917	27495
25056	26457
24344	25549
23747	29304
25412	27089
21356	28295
23317	25554
22821	29303
23715	25836
24579	26744
22181	27858
23603	28285
23664	28384
23001	29807
22341	29132
25014	27892
21472	29276
21553	27004
21399	29756
24418	26822
21335	26963
22495	25959
24583	27735
22503	25950
21629	25573
23638	28335
22364	28653
22206	29185
21983	26081
21229	27450
24242	28824
23008	28871
21222	26987
23595	28493
23859	26798
21429	29745
23545	26897
24167	26899
22873	26704
24146	27135
24610	28383
25064	28359
22556	27039
25279	28654
23541	28865
23135	27121
23519	29366
22250	27229
23479	29113
23935	28992
22781	25710
23833	27082
23743	26347
24030	29273
21270	29085
21609	25834
23370	29952
23931	28288
23280	29670
23303	28726
25321	28937
21576	29611
23814	27347
23047	29840
21691	25726
22976	27824
21832	26131
22773	26001
23044	27970
21124	28428
23099	29933
22741	29074
23197	26207
21024	29228
24382	26129
25272	29034
24686	26543
24331	28676
24100	26796
24867	25873
24407	26020
24558	26140
24036	27291
22047	27709
21200	29337
24830	28405
23475	25593
24094	26494
23736	28777
22554	25965
23264	27560
22665	25810
21705	26437
23268	29317
21081	26164
21220	28972
22135	26900
23478	28200
24715	26206
21646	25707
23826	28281
22694	27427
25277	25544
23834	27189
22297	25999
25451	26660
23123	25954
24696	26793
24078	27544
22247	26359
21499	29000
22044	25974
21278	28498
25391	26013
21094	28787
25349	27575
21466	25547
25132	26622
23955	27185
22519	27394
24814	25962
24759	28841
22475	28781
21538	26037
21123	29244
21441	27005
24054	29948
21761	27792
21581	28055
22382	26619
21594	27771
25269	28904
22559	26045
23575	29617
21198	28018
25336	29049
21999	26385
24620	26954
23225	29292
21268	27613
23417	29062
23482	26330
24470	27142
24987	29451
21108	28990
24361	27064
24795	28579
25267	29814
23367	28620
22104	26398
24390	27157
23132	27501
21951	26028
25398	25777
23610	29504
25162	26804
23170	26583
22380	26199
23025	28258
22273	29754
24999	27043
21897	28027
23061	27910
21762	26709
25294	28519
23178	26338
21261	28431
23964	27747
21280	26506
24182	29600
25071	29224
24401	28254
21447	25693
21845	25727
22940	29367
21793	27464
21299	29408
21630	28601
21482	28872
24321	29681
24406	26878
21445	29506
22399	28755
23539	26741
21799	29540
22455	28065
23179	29319
22874	27780
21888	28612
21838	27278
24457	27701
22099	28103
25090	28253
25477	28245
24107	25725
23474	27475
24746	28343
23075	27932
23017	27999
24261	27850
21617	28724
23919	28556
22766	29346
21505	29612
21162	28017
21285	25994
21376	26610
24309	29407
24699	26941
24035	29361
23076	26735
23324	29238
24203	29165
21048	25639
24548	29362
23447	25875
22576	26933
24904	29073
25454	29027
22837	25507
23212	27948
23131	26050
24212	29246
21089	27419
25054	27523
25393	26444
22728	29136
23461	25786
21421	27714
24983	28713
24630	28687
25181	29931
24372	26776
23947	26934
23142	28900
21612	27556
25226	28388
24805	25958
22697	28727
22653	29577
25048	28847
24362	26401
24310	26156
23591	29460
22505	28686
25263	26886
23263	28752
21981	28385
23530	25713
25230	28595
22389	27993
24449	29321
24911	26808
22083	27332
22379	26411
24180	25891
21467	27555
23502	28930
25424	26614
25434	26340
24323	26984
21541	26579
21923	27241
23970	29160
21956	29300
23253	28784
23643	27311
22426	29812
23114	28098
24636	27756
22425	29242
24264	29336
23434	28636
25362	29967
23894	29707
23712	25871
21563	27050
24687	25881
22963	29261
23335	26721
25189	28859
25085	26551
21239	26924
22906	27301
22463	26346
24735	27033
22507	26246
21352	28914
24021	29719
24184	29703
24177	25732
23236	26635
21938	28257
24722	26599
22567	26736
22381	29721
21012	26813
21020	27717
24681	25524
21275	28434
24435	25933
21687	26556
22365	27275
23997	26134
24292	25721
21948	26157
24819	29856
23640	27629
22597	29640
21504	29102
23414	26212
24143	27574
22030	25668
22742	26262
21348	26573
23378	26468
23172	28899
24627	27085
23470	26121
25486	29938
24334	29447
24374	29554
24446	26328
25377	28763
22625	25753
22366	26863
24043	27152
21309	27541
22868	25688
24014	29789
21019	26859
24734	28173
21562	28508
23391	27761
22764	29172
23177	29001
22938	27293
23361	25841
23688	27782
24413	27485
21295	27708
24880	25568
22256	26314
25340	27059
22707	25665
24150	27753
23808	29876
24637	27670
21893	27531
24391	27117
24281	26713
22669	27003
22418	29032
23094	29213
25167	26751
23864	28978
22286	27304
24670	26241
21192	28935
24974	27628
21137	28066
21367	28035
22652	29015
23773	27992
24567	29897
22954	26438
21066	26898
23522	25799
23926	29647
22452	29245
25379	27312
23051	29578
22240	25854
21786	26626
21724	27422
23392	26647
23870	29888
22606	25813
21154	27323
24238	26688
25397	26757
25301	26031
21998	28261
22246	28413
24528	28180
21136	26999
22448	28083
24481	26163
21653	26848
24329	26151
25117	26582
23670	28566
22359	26705
22154	26431
23244	28272
22001	25731
24148	26086
22875	29047
25450	25892
23921	26889
21183	28455
22539	29547
22468	26961
22570	29620
21190	25642
22489	27617
24597	26717
21334	26243
22747	26200
22146	26965
21303	28089
25169	27695
24463	26879
22870	25605
22205	25591
25310	28874
25298	27373
24397	29817
24534	26033
21521	29768
24609	25852
23531	26514
21827	29353
22244	25752
21598	26418
23363	29560
22166	27360
23717	27841
22737	27734
21005	29574
24269	27471
22142	26197
22195	27737
23915	28657
25415	29106
21068	29483
23213	29929
21820	29585
21150	28228
22252	29887
24888	25719
24164	29686
22727	27690
21717	29064
24660	26694
23707	29173
22579	28875
25176	26829
21898	29385
21003	26011
24109	29981
21326	26253
22008	26685
25448	28576
23309	28916
22062	25652
22865	28883
21244	25582
22803	27853
25166	25900
24218	29025
23694	27716
23079	28041
22683	28436
21710	25536
21093	26596
24070	28070
23985	26785
22968	29992
23962	28474
22800	29223
22202	28983
24420	25728
24569	28194
22985	29851
22302	29937
22992	28667
22343	28647
22830	27773
22994	28057
23532	27045
22377	26903
25427	27935
25028	27105
25070	29422
23769	28439
24363	28703
24459	26426
21942	26279
25476	29906
25127	29907
24465	28670
25040	26383
21440	29496
25015	28415
25376	26920
23088	28673
23566	25949
22596	28198
24460	29152
23798	26469
22496	29522
22108	28283
22112	26866
25031	27418
22709	28372
21769	27421
24573	29629
22182	27096
25053	28197
25204	25886
25005	26663
22466	26778
23365	26229
25248	29724
22378	26010
24728	25743
23568	26266
23794	27646
24138	28656
23649	28950
23976	29465
21159	29753
24794	29435
23158	26923
22284	28143
21389	27150
21966	29705
22437	25671
22711	26734
25104	25830
24947	29799
24865	26063
23262	27175
22123	27509
22729	28217
24818	28747
22531	26097
24220	28949
22086	27682
24757	25794
24815	26929
22077	27743
24271	27846
22546	26564
25224	26290
21216	28616
22536	28838
23527	29978
21438	28226
23464	27805
21546	26325
22169	28573
24540	28628
21735	27707
24353	28102
24517	28742
23671	29281
21402	26114
25043	26029
23060	29934
21163	27642
21702	27740
23629	27079
23674	27180
24246	27984
22447	28030
24072	25997
22966	26375
22118	28278
23157	27715
24518	28737
21682	26424
25491	28209
22796	27967
22358	29642
24052	29638
24847	28291
21297	28473
21677	28536
24920	29195
23202	27725
23865	26615
23339	26507
21866	29075
25042	27006
23173	28551
24787	26689
24187	28681
21797	29941
23506	29472
23495	29008
21560	29920
22851	29810
22891	27886
24893	27277
23189	26962
21511	29837
25234	26986
22290	26581
21145	28476
22405	27349
22228	27028
22806	26358
21064	27267
24877	26363
21004	28971
23902	26914
21480	28234
24538	28268
22836	28767
22638	27037
21861	29482
23888	26177
24578	28537
25024	28898
23628	25571
21479	28201
22971	27703
22525	26133
25325	25570
24557	28973
21903	27207
22861	28229
24124	26917
22183	29710
25332	25633
23125	28168
21419	25584
21000	26107
25370	29661
23630	27031
22616	29342
24384	27506
21774	28311
23219	29459
23763	29626
22582	26478
24955	28259
25195	29086
23439	27488
25258	27084
23357	27073
21074	25946
23958	26752
22461	26818
21346	27513
23765	26302
24612	25620
23024	26018
23708	27994
21383	28240
23454	28688
23228	28264
22585	26100
21856	26609
24338	27250
25273	27551
21955	29485
25331	25675
24175	26276
22333	25956
22225	26224
24826	28457
23327	26544
24672	26464
21704	26323
24422	29439
23183	29037
22913	28993
23608	27960
24430	27889
22964	26695
23783	27651
21358	26869
21640	28776
22807	27449
23829	29590
24527	27106
21035	27226
21606	29702
22076	25604
21008	28182
21283	29787
23848	27518
24782	28421
25011	25902
22811	28625
24450	26696
24186	26555
23633	27519
21082	29489
24631	26526
23949	27110
23599	28205
22506	28958
25018	28237
21895	27266
24085	28924
23538	26208
22843	27133
22449	26409
24965	27307
22935	29986
22834	29650
21416	28921
22392	28631
24703	29652
22354	29387
21637	27053
24031	27920
21364	29243
24833	26289
25463	26159
23232	26260
21556	25678
23856	28249
24796	26185
23077	26223
22884	26288
23059	25696
22997	29443
22787	27956
22216	26547
21045	26512
21794	29198
22818	29718
23023	26074
23449	29636
25198	25653
21235	28266
22988	29780
22155	29446
21304	28210
21142	27144
24230	28404
21826	25772
24800	28452
23560	28119
21492	29610
22469	27769
25037	28074
22499	29609
22731	26659
25044	25812
25186	25622
25293	26493
22016	26181
22094	27668
21912	29945
25344	28133
22170	26064
24113	29203
21592	28854
23819	26188
21570	26764
22095	27912
22540	25952
21486	27908
23463	28304
22015	26473
23343	29786
22445	25730
21274	28651
24504	25837
23904	29877
24792	29575
21128	29005
22651	28517
21395	28195
24849	25594
22678	26268
22037	27453
21319	26066
23156	28438
24586	26480
21378	28287
23390	27680
25021	28639
22689	28045
22822	26238
24106	26476
23124	27951
21974	29503
25438	29839
21831	29264
22260	26832
23796	29237
22754	29685
24129	29603
21495	29138
24349	29646
22226	28137
23507	28853
23817	26980
21413	29419
23703	28981
24254	27355
24487	25552
24178	26403
21254	28036
22878	25742
25308	28377
23293	26937
22623	27222
21288	29067
24502	27983
21219	29634
24199	27895
24881	28578
21991	28606
25201	28246
24358	28778
24804	29452
25354	26732
22605	27399
21812	25781
21805	29189
24172	29597
23936	28395
24907	26250
23322	29082
22885	27417
24968	29845
24480	28799
24760	27299
22432	26270
24560	28756
23879	27210
25414	25691
21072	29126
21351	28679
22955	28721
21738	25692
24743	28044
23009	29979
25347	29679
24294	26885
25458	27961
24050	28877
21343	28770
25237	28604
23214	27828
22407	29473
23420	28308
22692	28750
21325	28390
21187	26957
21647	27757
24739	28235
23081	26295
25129	29519
22485	29727
22061	29453
22563	28337
21960	26108
24135	28845
24784	27744
25498	26671
25123	28552
22777	27354
25363	27636
24844	27917
21391	26287
23838	28379
23287	26727
22233	29985
24989	26051
23906	28857
24342	28826
23175	27024
25072	29500
24441	25907
21846	27049
22128	28199
24572	28423
24081	26788
22348	29354
23049	25658
25187	29662
24971	28562
25033	26872
25403	28140
24048	27430
23215	26608
21784	28744
24275	29674
24580	29014
24891	29959
23957	28171
21126	28680
22603	28829
21471	28478
23226	25990
24859	26067
24073	28745
23432	29414
22114	27599
21940	28394
21164	26911
23951	29965
24089	26030
24493	25775
22173	28187
24698	28002
23436	29536
24990	26773
21825	28873
21770	27843
21727	28047
22758	26973
22646	25685
25341	25655
21464	25618
22296	28472
23667	26331
22823	27346
24777	28489
22022	29393
25320	29306
25436	26016
23950	27881
24500	27516
23184	27952
22914	28177
24521	27793
21459	27108
21545	27193
25475	29997
25134	26376
22121	25947
24678	28416
24798	29588
23056	25558
22610	25590
24914	26027
24892	25867
22360	28242
21732	25972
21696	29048
22894	28131
21879	27815
23607	26280
21127	29858
23617	26118
22048	29434
23731	27324
21318	29951
21087	25588
23467	29580
24248	25975
25419	25827
22070	25705
23803	29806
25316	25626
23129	26318
22409	28078
23996	27981
21228	29250
23306	29919
24874	27598
22464	27119
23107	27919
21590	29502
24247	28079
23933	27594
24742	26618
22370	27528
25410	28109
21088	28819
21527	25763
23111	29455
21432	29427
24142	28753
21135	29751
23164	27931
25052	27543
24131	26261
21044	28920
21490	27114
23269	27537
23520	26247
23190	28969
22460	28042
22494	29412
22357	25709
21214	27273
21848	29744
21455	26109
24539	28497
25429	26254
21502	28339
23853	29373
21821	26690
21410	28163
25174	26169
24163	29464
24482	29288
21651	27986
22185	26282
21454	27263
25283	28775
21448	28211
23278	27726
24535	28190
25082	27248
25111	28149
22465	29765
23914	28320
22587	29091
22615	27873
23567	27438
23720	28329
23308	27149
23875	25899
21700	26975
22012	28817
23292	26075
23587	28330
24394	27913
25217	26749
25236	26367
25461	26557
22443	26427
24350	28693
21306	26101
22901	28382
21668	27087
23632	26884
22782	26046
23679	29207
23182	25518
22285	26264
22308	25538
22805	29241
22920	28491
22167	26827
25335	29416
25098	27148
25102	29905
21149	29377
24565	27860
21095	26912
21312	25838
24790	29134
21010	27676
23422	28453
23871	26491
24044	28794
22310	28574
23963	25749
25107	26434
22951	28931
23154	29966
21516	29953
22664	28685
25489	25751
21602	27759
21665	28483
22550	27260
22493	26566
22438	29457
21327	28007
22589	28355
25326	29995
24778	25690
23294	27991
24902	27321
22402	26042
22103	28147
23514	28674
25485	26485
25235	29283
22937	27279
21675	26880
23928	26136
23835	28159
21344	26272
24499	27653
22753	29982
22374	27404
24001	28008
21425	25894
22915	26604
25401	29900
24918	28073
22346	27550
21040	27011
24059	26047
21189	27505
22063	26789
23476	28301
21634	28929
23274	26683
22898	29077
21197	28598
24383	27840
21037	27477
24080	28115
23310	25619
24520	25711
21618	26926
23261	27372
23058	28580
23469	28088
22659	29007
23917	26474
23954	27341
22858	26756
23472	29772
25329	27276
23942	28318
21152	28440
24740	25514
24910	26664
24604	27390
22549	25992
24121	28433
22272	27866
21657	29531
21329	27683
23726	26870
24037	28987
23593	27856
23576	26681
24084	25868
25442	28117
24235	25988
23754	28123
23858	27962
23847	29251
25062	26019
23689	26766
21157	26384
22028	27722
24763	27206
25462	29290
23295	28626
21736	29355
23480	28933
22486	26155
21524	29604
21859	26170
24119	25936
23910	28365
21267	29921
23772	28410
24712	29167
24797	27068
22253	28475
23770	27109
21567	28811
23036	29878
24926	27272
21815	29553
23771	29226
23118	29318
25396	29501
22770	29913
24514	28570
22972	28577
24236	27732
23201	27800
25453	26072
24921	26662
24023	28746
22060	26436
21523	28110
21160	25769
21042	27317
23660	26628
22401	29151
22602	26800
23383	28212
22793	29129
24011	26242
23968	28441
24616	28184
22283	29823
25065	27380
21110	28558
23239	26711
25455	25617
24111	28135
24346	27440
23095	26550
22038	26592
24375	26904
23373	29310
22645	29388
24494	28345
23839	27572
25479	27395
22880	28432
21194	28501
23116	28858
21850	27504
21659	28602
23290	25784
23788	28797
22909	28546
21616	26017
22613	28908
24671	28922
21580	26327
24027	25800
24657	26841
21993	28019
25140	26071
21245	29115
21029	29369
24944	25897
21920	27423
24265	29058
23588	27146
23445	27934
22178	28126
22944	25537
21501	29199
22492	28629
24994	26977
24025	29893
21756	29870
23697	27758
21544	25908
22918	29301
21350	26271
22459	28524
25374	26893
23967	27526
23494	28938
22033	29420
22480	26723
21627	28998
22026	27589
23112	26179
21713	29697
23969	29587
23981	28988
21232	28218
24249	26875
23600	28418
22846	29352
24536	28917
21674	26252
25035	27517
21595	27936
22199	27344
21751	28367
23466	29556
25099	28722
22078	25797
25338	28435
21264	25942
21693	28515
23372	29044
22230	26080
21872	27558
23792	29061
22025	26184
23830	28540
21932	29516
23574	28611
22765	28689
22619	27040
21718	29331
24771	27671
21660	26089
23068	29614
23767	28852
22632	26274
25481	27763
23641	29712
25305	27274
23199	28134
22924	28569
24680	27583
22393	29826
23160	25720
25158	29197
24832	29316
21589	28213
21885	27971
24371	28029
21396	28880
21513	25929
23168	29391
23811	28736
25096	26149
24099	27845
21427	26864
23315	29657
25152	29212
23004	25555
25487	28989
21574	26567
23011	27071
21462	27790
24519	28832
21680	29758
21530	29763
21531	28941
22137	29885
23592	29116
24237	26700
22967	28718
21633	29179
24128	27795
25084	27604
24644	26236
21554	28825
25110	28848
22622	28561
21379	29488
24900	27634
21354	27330
25497	27219
25387	26299
22853	27875
25069	28132
25265	27020
25223	26600
24972	29972
22336	27280
21654	28348
21539	28105
24562	28371
21714	28834
23863	28406
22102	29468
22762	28635
25435	25968
24083	29370
24863	25700
21191	28349
24750	26420
23579	26406
21721	29324
21876	29060
21803	26360
22856	27129
23893	27184
24313	25599
22840	27608
21881	27138
22813	26422
23273	27124
24838	27199
24890	29675
21775	26301
21079	29656
23828	25729
21783	28327
24252	28514
23243	26487
22277	27015
24225	28839
23430	29915
22197	26952
21308	29088
24389	29118
21919	26442
21226	29476
23777	27443
22761	26269
23305	28928
24157	25697
24556	25680
23952	29365
21780	26178
23612	27067
23147	27356
24607	29099
23354	26205
22979	29954
24924	26631
24791	26845
22815	29332
24931	27092
24250	29192
22736	29145
24694	29413
24693	28400
22534	28599
23086	28022
25459	29279
22242	29051
25089	25885
25406	27076
25254	26245
23836	25876
22153	28294
22314	25581
25135	29520
21083	26161
21067	26854
24134	29268
21796	27172
24416	29313
22172	28141
21529	27187
25367	26641
21965	29655
22410	29755
22801	29260
21673	28814
23735	26680
22850	29829
21869	29513
23905	27694
22131	29103
24745	28806
22139	25513
24105	27437
23897	25564
24352	27760
23326	26021
24555	28885
22685	29191
22882	26989
22960	27937
21813	26083
21811	29249
24883	28206
22138	28522
21494	29521
22872	27415
23791	25644
22119	26416
24615	29749
23362	29206
25480	26337
22391	25851
25212	28001
21703	28648
24171	28525
24764	26395
23756	29917
25146	27204
21886	28715
21171	25840
22477	26842
21764	29922
24876	28150
21711	29487
22332	29637
25300	26891
23140	26373
21184	28645
22081	28732
22932	25870
24046	29855
21234	29478
25359	29486
22900	25832
23188	28108
24194	29149
22630	29802
24198	28300
25239	28754
25194	28531
24491	25762
22658	28362
22699	26392
21569	27389
25233	27723
24807	28437
23869	27702
22537	29583
25417	28277
22164	26145
24901	26450
25449	27838
22315	28076
22871	25621
24852	29892
24409	25774
23218	28297
22136	29347
24744	26740
25192	29430
24666	25559
23810	29694
21404	29607
25327	27552
22288	27134
24667	25864
25017	28588
25165	26913
24789	29869
23722	28870
23654	27871
23682	29639
23412	28111
24193	28583
25151	28075
21384	29939
21443	28831
25046	27562
25246	29509
21818	27080
25492	25821
22258	27750
25231	26073
22002	26775
22791	29566
25472	28039
21298	29559
21575	25976
25342	26182
25137	26230
21302	26003
22826	26452
23415	27656
21785	26085
24775	29546
24828	27233
21954	25860
23787	29411
23245	26110
21117	27939
23376	26790
24995	26728
23582	26102
21456	25702
23669	28974
24978	29808
23941	28422
21257	25816
22824	27731
25019	29181
21854	28376
21417	27225
21289	26672
24544	27107
21733	28678
23267	26232
21236	27808
25061	29463
25109	27220
24997	25669
22052	28913
24169	27058
22755	29800
22965	26311
21248	29066
21119	26828
23758	29293
23619	27941
24190	26040
24525	25788
22666	28080
21001	25889
22073	27335
23920	26535
21765	28995
21547	26774
22383	25636
21518	26326
24221	27587
22476	28468
25457	27388
25210	26792
22372	27565
22097	29725
22950	27287
24305	26537
22542	27835
23159	26393
22238	28251
23298	27764
21086	28267
24581	26510
21259	29861
25460	26152
21782	27998
24899	28495
25142	28502
25222	28886
24429	29852
21130	25859
23029	25724
22716	28445
24496	25862
24603	25531
25276	25651
21206	26930
21510	27295
23364	28980
23271	29796
24419	25662
24945	28716
23002	27476
21430	28178
22768	25963
23552	27385
24785	28903
21414	27365
23191	27414
24566	27821
23583	26466
24324	29297
23718	27357
23409	26892
22053	26248
23960	26971
23359	29777
