21053	28854
21690	29125
23743	29347
25154	27366
22949	25860
23806	29722
25456	25522
22554	27440
21487	29702
25202	27760
24698	29343
22294	29290
25404	29715
23048	27749
24500	29318
24743	28315
22087	25799
21048	29161
25382	26852
21064	29519
24321	25965
23754	29719
23284	26959
23453	28587
23949	26435
24243	25770
25143	25937
22511	27993
22360	25959
23107	25591
23189	26411
21343	26514
23753	28929
22463	28510
21309	28330
21842	29418
24883	29124
23449	29043
24004	29697
23553	25923
24777	25687
21490	29877
22030	25620
21240	29907
22803	28379
21224	29758
21643	29303
22160	25623
23025	28302
23304	27232
21452	26441
24144	26982
24306	27867
23898	26350
24220	25991
22449	26001
23823	28151
25286	26797
23576	27750
24580	26113
24531	29089
24618	27431
24814	26049
23182	27162
22164	29594
24860	29055
25170	26133
21166	29137
23685	26556
22648	28634
21919	27362
23538	27978
24060	27128
24922	27552
21974	28196
24052	27605
22233	29464
25440	28062
25412	29567
22779	27131
21533	27323
22506	25678
22763	25971
22866	28297
22741	28668
21601	26952
21627	26173
21206	29982
22322	27396
21712	29490
24876	26978
25305	26118
25372	26342
25274	25899
23415	28332
25343	25811
24960	28858
22138	29379
21890	27665
23997	28485
23467	27616
21156	28772
22241	28419
23671	25823
22821	27653
22497	26878
23651	28131
25388	25703
23972	26228
23704	27106
23714	27873
21189	28277
23361	26489
23541	28719
23233	26323
22923	27190
22904	28710
21708	28564
23097	29213
24616	28159
23594	28368
24039	27335
22607	28187
22713	29226
23990	27317
22925	26264
23899	29053
22243	27330
24439	27759
21442	29178
23185	29843
22378	27408
23530	29590
24884	26339
22960	27986
23270	29989
22429	28915
24187	27790
22325	27663
25433	28239
25315	26639
24367	25977
24621	27233
21352	27463
24788	27389
21848	27569
24358	26881
21101	27809
21648	28882
22485	29501
22804	25752
24953	29711
22468	29065
22405	28632
22820	26917
24469	26367
22751	26174
23191	26717
24596	29603
23230	29577
21894	27779
22658	29938
21992	29654
24003	27810
21235	29361
23927	25529
25112	28812
21316	29071
22831	26421
23756	25906
21220	28728
24936	28773
25451	28431
24425	27526
22571	28289
25376	28525
22321	28064
25218	29880
23765	25721
21050	25797
21621	29146
22238	25662
22489	25643
23064	28405
21727	26628
24827	29995
22075	28032
22186	28348
21298	29823
22483	29266
23351	26316
21565	28480
25174	27259
21269	26075
25450	26390
25227	25777
21896	28945
21703	29757
21578	29481
24334	28066
22513	26381
22980	29231
21585	28815
21450	25819
24194	26333
21069	28884
22181	25750
24424	29029
22581	29834
21119	25776
21644	25784
24241	29777
21168	26310
23154	26176
23306	29810
25423	28014
23588	27361
23961	25758
25036	29331
23385	28486
25049	26633
24855	27310
24413	26753
22738	29665
25427	26762
21663	28415
25254	27923
23748	27971
24269	28044
23690	29269
21783	26493
21266	25947
22432	25857
24902	26097
21072	25766
22886	26510
21453	29245
22906	27221
22454	26431
22250	26418
22755	25999
25467	29305
24422	29760
25488	29134
22118	26268
21823	28011
22307	25938
24747	28083
23903	29461
21838	25555
21333	26499
24583	26397
21638	29001
23383	26909
21786	29550
22548	28147
23881	26088
21479	26610
23480	26841
23548	26098
22653	25647
21104	27027
21665	25565
22013	25781
25175	25928
21757	28171
21313	26896
23224	29620
25459	27238
23779	28892
23521	29359
25283	29315
24872	28593
23738	25843
22724	27454
24184	25760
24059	26111
21999	25545
24457	27766
24886	27824
22656	28984
24768	29852
22278	28559
24732	27088
24970	28579
22413	28522
21946	27219
22510	27404
24049	26981
21676	28358
22353	27666
24356	29363
22805	28621
24486	27443
24717	29474
25101	27164
21833	28448
24804	27228
21908	25658
23313	28399
22038	28483
25177	28203
22540	26144
25300	26888
21650	25988
22106	29876
21470	29830
21089	25624
24739	26666
24216	27585
23524	28914
24898	29908
24006	27754
23341	25632
23648	28849
22573	28301
22312	28273
23574	29346
23127	26972
24281	28904
23100	26958
21457	26538
25102	27802
23101	28389
22255	27071
23674	29423
22035	26417
21982	28401
24082	25727
22717	29728
22014	27058
21149	29064
25308	29844
22362	29741
22216	27103
25310	26626
24653	28179
22882	29152
24012	29221
24111	26355
24812	29518
21672	26254
25279	29121
23136	29144
24565	26063
24792	28181
22170	28268
24253	26027
24837	28547
24307	29317
22579	26360
24078	25886
22037	26120
25350	27855
23046	28008
23632	25941
25200	27591
21431	28842
24942	25772
22629	27327
23073	28121
21025	27589
21991	27825
23502	28133
24880	27905
22036	27902
21215	26481
23809	28523
22516	27742
22407	26139
24168	27405
22400	27289
25276	27570
24030	26638
21613	28274
21729	27169
21856	26526
21019	26283
23749	25929
24419	29675
22908	27055
24564	29176
24828	28691
23561	29320
24529	28705
22461	25904
21301	27479
21595	26044
24008	25845
21940	26076
21140	26282
23750	26340
24802	27536
23125	26640
23908	28000
21317	25611
24931	28794
24493	28310
21720	29833
21776	25771
24402	27262
21326	27711
21996	29133
23116	27683
23599	29348
23188	29351
25226	28697
21161	28835
24070	26291
24894	26963
22239	29952
25385	26066
24611	27698
23995	28481
23605	29427
21861	26230
22729	27224
24602	26224
22392	29005
23948	26591
23349	28777
25096	28057
23447	29433
25302	26012
24304	25849
21810	25806
23416	26160
25248	26051
23190	27685
22964	25767
21550	29638
24234	29700
23225	26854
23432	25815
21483	28872
24341	28725
22790	26121
22989	28034
21700	26611
25150	27862
22136	26092
23473	28463
24026	25839
25023	26905
24906	27757
22190	27319
24040	28248
23140	27022
25258	29031
24104	27794
25161	28829
21885	27372
24076	27175
22259	26602
21667	26370
22210	28664
22016	27614
25325	27639
21782	27248
23859	26210
25269	29035
23787	29902
25019	26117
24031	29227
21000	27669
23680	29906
23186	28020
22427	28971
23928	25593
24416	29311
24724	27634
22178	29605
24983	29420
21481	29785
23900	27326
24005	26270
25229	28586
24601	28755
23138	27736
25029	26434
22202	26904
25306	25879
24489	25576
23378	27240
24615	26151
24987	27474
24186	26876
24751	26383
23121	29708
21454	28883
23979	27446
25421	29644
23693	29957
22262	25668
22226	27704
25224	26965
25338	26902
21857	27305
23863	25964
24513	25506
24399	28820
23381	29973
24233	27116
22896	28982
21227	26698
24690	25637
23864	26673
21871	26346
24673	28055
21884	27944
21394	27439
24791	26605
24702	28223
25252	29828
25053	28103
24868	29685
21907	26668
24780	26183
22739	29867
22898	28529
24795	26688
22995	26612
25232	28901
24176	26794
25449	29739
21877	27798
24068	29471
23201	26161
22187	28461
23442	27693
21611	25737
22719	29282
23842	25795
22798	26567
23616	28489
22111	27781
25292	26653
22302	29242
24826	26247
23606	28456
21930	28188
23139	27758
24765	26358
24339	29483
23163	27540
24887	28065
21594	27066
22917	29686
23581	28504
24289	28686
21127	29612
21655	25933
24230	26743
22818	28852
24287	28157
21372	28932
23895	27533
25289	28434
21983	29230
24764	27520
21367	27894
23506	28700
25436	28355
24119	26505
22953	26260
21547	29790
23516	28346
25099	27442
23644	28594
24595	29138
25066	28744
22480	27452
21359	25561
22924	27670
21404	28811
24355	26257
23165	26081
22401	28234
24450	28107
21252	27641
23665	26275
21646	26279
24118	26826
23619	29274
24178	29294
21271	27156
23455	28199
22482	27611
21795	27762
24327	27979
23226	29160
23637	29132
22217	29690
23166	25958
23628	26608
25073	25821
22842	29019
21207	29936
23649	26728
21002	29130
21289	29515
23167	26528
25195	26962
24377	28017
22490	25764
24064	27955
22912	29244
23583	26330
24934	25762
24300	25946
22380	29924
25439	27676
25078	29367
22773	28222
23450	29470
23044	27898
22521	28588
21167	25583
22684	27901
21780	26855
25220	25584
22907	26143
24462	26482
22894	28788
21753	28246
24695	26416
24143	27964
24081	27494
21351	27746
21197	27753
25042	26730
23452	29600
22877	25597
22192	27132
21030	25810
21915	29485
23517	28496
21652	27865
23569	29009
24998	28569
21362	29392
21177	26573
24345	27588
21807	29569
24100	28590
25059	27421
23780	28153
21865	25711
22288	27298
21564	28333
22286	27144
21882	26821
23650	25646
25346	26449
21895	26038
24836	28665
23767	29753
24051	25873
23001	29929
23363	27193
25386	26529
23020	26504
24928	28596
23421	25699
25323	29838
24752	29542
22336	28910
24966	28993
24630	29457
24227	28488
21147	26292
21925	26842
24585	27640
24182	27392
24363	25665
24446	29630
24867	28928
24435	25807
23052	28804
24655	28019
21265	26048
23034	27216
25171	26158
24784	26955
23886	29800
21424	27631
23319	28841
23109	29966
22326	26134
25007	26302
24907	28956
21620	29078
21117	27349
25048	26860
24054	27896
25448	26523
23691	28774
24528	29723
21586	29536
22404	26408
24778	25615
24704	28475
24299	28754
24202	28350
24480	25953
23113	27724
22665	27416
24380	29098
22110	27935
23023	27629
24694	27266
22591	27514
25403	26557
21355	29183
25416	27529
22593	29805
21204	28369
22993	26163
22351	28511
25155	29591
21615	26632
21836	28595
24162	26849
22071	27903
22447	29913
23800	27447
23417	29866
23987	28795
23874	27535
23825	25791
22137	28905
22981	29831
22915	27459
21847	26389
23951	26030
24018	26470
24786	27263
22484	29699
24756	25628
24546	26112
21592	28122
22944	26329
23469	25966
22678	28212
22935	29044
24173	28216
24308	28445
23287	27329
22369	27643
22228	28180
22902	28857
24179	27210
21476	27291
24061	26362
24994	28210
22474	29658
21007	29994
22445	28707
21749	26167
22229	25882
24773	29768
22313	28266
23716	27119
22344	26561
22819	29892
22329	28518
23993	27303
23956	26218
21478	28468
21107	29744
21031	29933
22733	26325
23554	29538
24722	28980
21679	27747
21226	26721
24132	25554
21674	28696
23855	29336
22439	27610
25103	28771
24149	29622
22829	27705
25326	26453
23794	29541
22974	27737
21943	25697
24561	28920
25145	29327
22120	26974
23423	29410
21449	27449
23868	29986
24364	28429
24453	27201
23551	28010
25457	27577
24807	25983
21162	29085
21746	25992
22688	26328
24606	29154
21274	28311
22872	28392
21892	27637
21516	28550
22055	29851
24290	29916
22720	26159
22245	28098
25043	29465
23540	25909
22406	29412
24538	29329
23478	28894
24069	29774
24157	29996
22557	25822
21984	28819
22693	28943
25074	27265
22161	27658
23854	29827
24248	27934
21328	28294
25152	28482
21513	27345
23330	28045
24652	27255
25045	28521
24140	28733
22410	29062
25106	29199
23634	29322
23126	28189
21673	28428
24551	28075
24335	29264
21687	26961
25361	27657
22692	29798
21124	29897
22547	29583
24460	27661
25377	29304
22477	26486
21958	28650
21760	27617
24849	26083
24584	26748
22564	29763
23867	27527
24709	28687
22368	25640
21366	26014
21334	26833
22440	28007
24479	26459
22046	28447
21680	28570
23873	28745
21685	28979
23042	26395
21577	29350
22057	29328
25413	28793
21959	29438
23732	27973
22488	26465
25256	29074
23775	26131
23983	26637
24152	26091
21332	29270
23929	25578
21724	25602
25092	27034
23687	27720
21284	28046
21612	28382
24390	25541
22469	29580
24530	28899
23024	28806
21684	26056
24810	26617
22748	27546
24326	29842
23764	26445
21285	27424
24275	28924
22460	27609
22943	29781
23290	26970
23495	27121
22491	27650
25198	27717
21288	28756
22679	29735
24228	27252
22051	29014
21677	28796
23354	27572
21876	25905
22572	29786
22085	28589
21056	28736
22977	28997
23054	26715
25193	28856
25244	26990
24775	29243
24520	26565
23897	26071
22473	27989
22651	28089
22664	27200
22647	27316
21121	28869
21267	29693
23262	27168
25123	28383
25260	26026
21331	29225
23037	26906
22246	28296
23829	26200
24914	28261
22451	26243
23340	27909
21878	25601
21998	28724
23514	25738
22608	29729
23642	25673
24464	27397
21743	29079
24135	29949
23328	27312
22962	25997
22727	29302
22415	26087
21804	28390
23672	26871
25206	25502
24869	25519
25233	27627
24066	25982
21752	28477
24229	26537
24323	26706
24293	26817
24349	27086
22029	29489
23092	26149
23799	26766
24101	29395
22346	26331
22901	28018
21170	28031
22478	28156
25396	26128
22772	27635
22199	26391
25236	26213
22715	28414
23479	28574
24865	27070
22442	29628
24417	29953
22053	28176
24310	29801
23802	27135
21466	27830
25430	26426
23321	29170
23422	26599
24212	27816
24670	27835
21145	26110
23384	27788
23515	29724
22448	26405
22338	25733
25251	28824
24505	26759
21854	28067
25211	27275
21154	27430
22272	25739
24167	29441
25371	29797
23819	25577
24155	25503
24892	27012
22015	28105
21976	25782
21610	27904
22078	29893
21295	26086
21373	28722
23414	29859
25469	28326
21412	28935
21969	29298
24598	28908
21707	26686
22330	27014
25277	29494
21218	26566
23485	25935
22225	28370
21696	27147
22642	26067
21434	27013
22655	27475
23014	28888
23178	26007
22626	25531
21744	25927
24499	28741
24510	28763
24627	26908
23660	27473
24586	26675
21765	29756
21255	26235
24376	26500
23792	25892
21497	26789
23096	29275
21748	28283
22266	29032
22732	27913
22627	29234
23302	25606
24239	26484
24463	26914
25464	29428
22450	29214
22195	28129
23843	27689
23394	26432
23172	28716
21731	27476
23703	28603
21323	27348
23839	26736
22267	29663
23152	25618
24374	26542
21723	28459
25010	26627
25173	28109
24962	28495
24171	25749
22631	28371
25447	26359
25005	27738
21619	26798
21322	25894
24130	27158
22219	27550
24789	25681
23549	28616
23112	25709
23487	28056
25406	26336
23746	28074
24017	27851
21233	26474
24986	29208
23555	29396
21182	27728
21035	28023
23955	27970
23758	28308
21840	29334
24504	28738
22673	27015
21818	28715
22920	27907
21321	28425
21651	29447
22613	27282
24916	29012
21864	28321
22838	27488
25035	25850
21562	28252
23761	29855
22965	27143
21132	25722
24236	27561
25165	29050
23235	27509
24991	28167
23066	27367
23940	27142
22634	25888
24727	28288
21299	29561
21261	28088
21830	29570
21821	26530
22620	29631
24997	26304
25071	27928
22992	25511
23946	27595
24160	27846
22927	29314
24587	28639
24217	26987
23663	29553
21939	28251
22237	25926
21950	28453
23482	27492
23353	26700
23954	25695
23236	27065
22594	26614
24940	27778
23733	25813
21270	29297
23286	26585
21364	28005
24180	26221
22263	25633
23817	28143
21759	26803
22072	27369
24080	29858
22453	26462
25047	29280
25070	27919
22774	28111
21342	27632
22070	28780
25259	28093
22508	28100
25499	28123
22567	29323
25097	25622
23069	28394
21032	25528
24261	29975
23474	28752
25321	25559
24567	28582
21664	27881
21465	25534
22737	25944
21560	26140
25400	26269
22859	26313
25201	26008
22470	29652
24020	29257
22586	27176
21039	25566
24033	28967
22876	26289
22332	26879
21659	29258
22826	25840
21079	29894
22976	26746
22275	28305
23157	25516
23373	26795
23939	26621
24514	27656
21617	28778
24383	27462
21041	27054
23513	27481
23078	27860
25475	26732
22139	28659
22889	27542
23668	27141
24632	29993
24087	26517
23491	27079
22966	26966
22731	27331
23426	29117
24631	27139
23067	29951
22354	25579
22874	29977
21033	25692
23795	29000
22633	28322
21879	27450
23739	26100
23257	27218
23968	27931
25253	29636
22849	27423
25465	29726
22900	29006
21633	27279
22587	28909
22570	28798
22324	26954
22385	29312
24027	26690
24086	28760
24834	29261
25107	29209
21927	25680
25100	25950
25046	27493
24421	29896
25414	26733
24099	29870
22584	27878
24196	27257
25307	29444
21241	26824
21103	29281
21505	27353
22578	29382
21973	27483
24235	27980
22945	26126
22961	27590
23105	25513
23669	25930
23923	27638
22052	26165
23957	29623
22776	26754
25246	28948
22519	29710
21474	25945
21662	28166
23889	27437
23887	26850
22812	25700
23477	26600
23220	27222
23592	25855
24972	29458
21253	27280
23803	29306
22089	26244
24539	28037
21709	29381
22377	27744
24563	27982
21933	26387
21956	26977
23547	29946
22124	29129
23960	28610
24384	26464
24147	26625
24156	28138
21040	26363
24277	27793
25434	26266
24263	28647
24395	29259
22020	27250
25108	25594
23500	28822
25062	29540
22018	29604
22328	25808
21666	29776
23293	26712
22457	28095
21081	25563
22100	26774
24637	29131
22890	28753
24072	28783
22004	29566
25213	29783
21125	29854
24181	26831
21012	29432
23589	28191
23837	26687
23299	25969
24929	28717
24952	26109
24519	26925
21209	25987
22577	29272
22395	26135
23169	28614
21811	27858
21379	27072
23219	25523
21259	25626
24382	27268
24192	28439
25017	26930
21987	29954
23227	29563
25381	28672
22133	28907
21661	28115
21075	27506
25216	27294
23686	26155
24745	28474
21515	27270
24798	26335
23215	28452
21964	25653
22735	26926
23851	26735
23021	28072
24544	28028
24512	26866
24603	26022
23751	28009
24445	29495
22252	27716
23336	27021
23499	25598
24822	29316
21649	27350
21772	29487
24467	28306
24050	29925
23652	26988
22563	25818
24175	26017
21461	27157
24767	28079
23846	29918
25128	29163
22049	28917
25115	26193
23376	25968
21088	29940
22150	25530
24291	28817
21115	27660
25303	29233
22645	27883
25265	28611
23844	25654
23089	29673
23058	26777
22603	29512
23631	29557
23931	25800
21495	29534
22723	26288
21163	25917
25031	28224
21764	27497
23892	29452
21120	27999
24517	26439
24933	26013
21018	25779
21910	27100
22939	28168
21208	28673
22640	28470
22823	26552
23641	25635
21931	29425
23572	26010
24324	26533
21944	28061
23718	26250
22206	27844
21407	26364
22836	26672
24401	29440
23677	26422
21347	29207
22994	27376
21318	29530
24169	29295
23248	28512
22283	27189
25245	29187
22606	27882
21232	28848
23358	27818
24458	29664
22863	28314
22438	25572
24901	26984
23446	27686
22467	29653
22792	28698
24533	26631
24635	29917
24964	25560
24246	27815
24545	28228
21647	26095
21801	28541
21279	26419
24534	28877
24610	29705
21037	28381
24543	29910
22999	26477
22813	29546
21538	27163
22536	27576
25342	29593
21874	27936
21645	28578
23392	28243
24403	26050
24001	27774
21883	25550
21742	27843
23193	28951
24711	29162
24915	26532
22672	29891
24370	29698
22443	28317
23279	28679
25069	26265
23630	29374
23562	27701
25225	28484
25399	29373
23003	27278
22090	26021
24102	26577
24599	28747
23824	29885
22997	29818
22948	27220
25162	28073
21358	28991
23977	26677
23094	28042
24842	29935
21741	28999
25392	27229
23840	28457
24850	25588
23585	26651
23871	28926
21029	25666
23906	28387
23635	29575
21771	26646
23458	26315
22780	28645
21843	29509
24247	27899
21118	26297
22079	27095
24199	29292
23282	29839
21683	27049
23534	27120
21234	27373
24256	26123
22402	29746
22375	28026
22083	26114
25281	27954
25231	28320
25378	26147
24337	26901
24365	25679
24661	26490
24408	29488
25298	26041
22231	27709
21698	27062
23784	28185
21254	28497
24496	26062
22300	25558
21300	26780
23681	27415
25437	29901
24597	29172
21525	26622
24485	29401
25341	28598
24259	28501
24925	27182
25492	29027
24219	27206
24313	29676
23598	29007
21796	27231
21213	28170
21717	28433
22201	28766
23969	25902
22047	28462
22728	27722
22807	29034
24968	29527
22835	27363
21978	28256
23772	26671
22753	26177
23607	29468
22668	26202
22232	25556
24577	27646
24757	29840
22494	28711
23120	29863
24944	28050
24760	28627
25149	27674
24746	25507
21965	29108
24737	26263
24819	26718
23106	26576
21427	26757
21539	27775
22117	28270
21653	27050
21275	26412
22086	29135
24650	26898
21244	28078
21678	28230
24015	26804
21584	28875
24921	28514
24260	28953
24097	28903
24270	26897
24622	26814
25366	26255
25312	27930
21034	27153
24267	27568
25072	26319
21825	25648
22589	26939
21087	27804
24853	28241
23711	26424
23821	26338
23712	28946
21155	29094
24924	26922
22073	26241
23876	29499
25151	25720
25318	28337
21305	29241
23088	28693
24108	29642
24124	25774
23440	28412
24466	27209
24861	27849
22268	29370
24055	27981
24002	27104
22113	27985
22305	28528
25240	26725
25285	28975
24163	27435
21142	27365
24763	27885
22067	28113
22703	27945
21745	25603
22174	28054
25357	27633
23268	27016
24286	26150
22910	26935
24644	29794
24719	26709
25223	27557
21260	28631
25241	27625
25428	27679
22978	29578
21296	27340
21694	28233
21656	26969
23292	27438
21009	28615
21827	29026
22615	25919
22680	25920
24046	28033
22214	26598
25490	29688
22546	29689
21202	26840
23878	27383
24091	29414
21408	26042
22019	29505
22331	28836
24280	26785
23801	28545
24663	28258
24262	26572
21194	28077
24343	26353
21047	27675
23626	28231
25243	26806
25088	27215
23254	28734
24254	26822
23492	27042
21058	26945
22612	29889
22781	27194
21057	28612
23818	26107
23614	26589
21636	26400
21192	27460
23639	26776
23419	27377
21095	29934
23511	28421
22048	27011
23033	26769
23371	29549
25272	26375
24009	28473
25454	28695
23580	27347
24645	27286
23707	26921
22702	29188
21829	26207
24897	25871
21686	28954
23395	26047
25034	28152
21173	29927
25405	28567
23350	26215
23015	25515
25473	28400
24965	26181
22599	28787
22759	28713
24643	25963
22284	28039
24436	26239
23437	27375
21082	29803
23814	25564
21509	26808
21713	29337
22142	28934
21144	26429
22384	28624
24429	27346
24303	28556
25131	29260
21036	26615
23579	26581
24963	29655
22007	26648
21136	27174
25076	29748
24295	26456
25083	26521
21188	29835
22657	26253
22875	29614
21921	26301
21740	27822
22335	26616
21972	25780
21179	26693
22758	28298
23316	26570
23315	26558
24096	28708
24674	26829
23057	26252
22712	28464
23325	29010
24676	26192
24442	28723
25013	25957
21849	29624
22884	29945
24322	26649
22991	26317
22393	26206
22714	29672
22459	29713
23905	26980
22093	25948
22060	27137
24736	29869
21607	26681
23633	27005
25466	25763
21563	29821
25249	25636
23410	27950
23563	29112
22183	29442
24226	29365
23966	26199
25221	26281
22834	29657
23216	27994
25136	29411
22551	27186
21175	27581
21475	25851
23866	29627
25091	29408
21046	27480
22761	26344
22691	29090
25431	27258
22501	29882
23815	25696
25481	29767
22583	28823
22697	28035
25319	29369
25164	28205
24817	29643
21692	27565
23050	26716
22937	29899
21128	28443
22743	29762
22825	29352
24548	26923
23263	28961
23212	26127
23047	27618
24945	29931
21866	29058
23250	26810
21150	25897
25435	28345
22381	28324
22979	28781
21955	28279
23888	29873
23035	28927
23339	28012
22762	27732
22212	28110
23159	26004
24354	27467
23845	29500
22897	25518
23370	27097
21794	25517
21308	29959
23980	25625
22959	26775
22074	26271
22806	27890
23550	29404
22880	26583
22420	28826
24197	26407
23435	26772
25280	26046
24411	29048
25264	26812
24638	27314
25014	26039
23947	26764
24641	25500
23973	28278
23405	26455
24315	29650
23484	26678
24350	28604
23917	26807
22345	28930
21315	27400
21428	25875
23291	26872
23624	26393
24803	29436
22339	28499
22176	26214
21781	29416
22973	28395
22462	29990
24716	27940
21855	25852
24121	28101
25120	25704
22770	29309
24908	29721
22481	26603
21960	29383
23229	28049
23760	29802
23909	27596
21042	28633
24946	28940
22984	27192
22167	28986
21077	25940
24636	29387
22544	27593
23602	28087
21357	25974
22788	26073
21247	25844
24359	29215
23971	26136
21588	28902
21353	29770
25030	29046
25496	28895
25153	29817
21949	27562
25051	28069
22426	29717
24122	26278
23986	26792
21397	29356
23451	27075
23168	28537
24013	28918
23337	27315
23812	26011
25121	28690
21067	29445
24710	28215
22537	29568
24062	28238
22941	26491
25054	29429
25085	27554
22909	26494
21198	29194
21203	26811
24840	28002
24640	29004
23490	28137
23816	26104
24590	27351
22517	29547
21278	29521
23850	29706
23080	27434
22787	26644
24312	26768
22149	25827
22208	28651
24993	29204
24164	26015
22062	28660
23611	29095
21985	27048
24488	27211
24979	26562
24623	26907
21400	27594
25364	29399
23891	29476
23697	26101
25358	28025
21835	29276
23258	26877
23744	26535
22957	28378
21924	27949
24982	28051
22726	29602
22260	28318
24949	28739
23695	27057
21528	28363
24231	25830
22416	25748
22983	26204
22914	28030
21622	27234
22956	27105
21850	25575
23459	25672
23655	29159
22542	25570
24877	27519
24305	27943
22175	28689
21988	27368
21754	28983
23621	28242
23359	27136
22638	27710
21016	25716
25368	29857
21966	25580
22639	27599
25250	27579
22349	28331
22505	28312
23577	26293
21571	25848
21695	27703
24620	27077
23197	29584
21814	27101
25471	29589
22883	26744
22287	29845
23638	25684
22196	29956
22675	26670
22355	28682
22240	27921
21790	29087
21311	27777
23719	26839
24153	27328
23622	28336
24032	25925
24971	26031
22538	27667
23403	29795
24222	28517
24555	27140
25238	28843
23029	29915
21186	29151
24592	26953
23232	27530
25394	27539
24133	27841
24573	28560
21423	25745
25207	27834
23274	29522
25291	27541
23984	28748
22754	27295
21008	27566
21852	28608
21391	28119
21011	28782
24158	28134
22500	27364
24095	26699
24048	29606
22230	26515
24381	29190
24818	27803
21785	26197
22274	28620
22143	26971
24209	29629
23390	28865
21858	29820
22840	27160
21217	25826
21914	28832
24414	25651
23657	26427
23134	29871
25408	29193
23401	26284
21375	28592
21630	28642
24744	26551
22936	25768
21917	25943
22856	29754
23994	28232
22705	27382
22041	29778
24503	29426
21658	27129
25304	25536
21297	29799
24681	28190
22097	26105
23796	28374
21555	26550
25057	25877
21160	28968
22903	25765
21968	29730
21094	25880
23833	27152
22851	28386
24950	27134
23678	26285
24361	29437
22614	28706
24394	29513
23560	29750
23111	27960
22695	26586
21419	29217
21831	29103
23368	27484
24891	26495
22722	29807
24298	26711
24600	28254
21734	29022
23921	26245
25172	28207
24336	27395
21582	27191
21239	28618
22698	28158
23399	27356
22129	28313
24268	27324
23617	29703
21092	27912
22191	29456
23912	28661
24114	26554
24016	27322
25002	25842
21061	27036
21139	28859
23582	27739
24352	29390
23247	26916
23056	27976
21441	29992
23424	27965
23811	26843
21936	29394
25374	28764
24159	29205
23934	28807
21769	27068
23454	26025
21051	28808
23916	26187
23945	29156
22165	29191
24201	27856
21750	28465
22298	29716
22777	26307
22115	26129
22011	26068
21282	27874
21551	28132
22916	28162
21901	28641
25270	29092
23077	26601
22032	28071
21660	26861
23537	27513
23317	28385
21151	28692
24675	26379
22609	28839
23963	29607
21859	29477
22270	26229
24288	29862
22044	27001
21702	29237
25217	29082
23654	28507
23762	27961
23937	26571
25402	29694
21922	26973
24134	29749
24379	28704
22799	26937
24881	26102
24332	28985
25429	27651
22153	29764
22512	28406
22566	29856
24491	29463
23324	25864
24045	29047
25192	29615
22282	28108
21369	26052
21951	27548
24890	28114
21637	27059
25089	28059
22765	27508
25393	27126
21223	29101
23924	27584
24190	27575
23379	29979
24888	28329
24193	26410
22619	29222
23288	27801
25296	28038
22236	28393
22786	26399
23942	27235
25491	26641
24772	26294
21021	26384
25093	28426
24318	29943
24420	27370
25191	26847
21728	27942
25455	29462
21306	28768
23300	29621
22370	28735
24729	28970
22604	28568
22017	25825
21512	26094
22340	29148
22796	29988
21489	25675
22855	26442
23180	26983
21468	25865
24669	25884
25420	27165
24317	28958
22520	28526
23333	27318
22301	26844
23717	28449
22411	29775
23925	29669
23209	29177
21544	25552
22387	29950
22846	26472
25132	26563
23853	25867
24680	29059
21623	25789
21770	26543
22366	25817
24811	29011
23438	28847
22971	28868
23498	29598
22891	27819
25144	27010
24857	29864
22028	29555
23557	29218
21123	26667
23789	27202
24242	29769
23364	27161
25293	27379
24205	25655
22425	25829
23408	29639
24957	25595
23786	26976
23528	28016
21045	29330
24495	26541
21912	29849
22938	29056
24770	29824
21986	27422
21990	28365
23409	26657
23456	27277
23296	26685
21932	25644
23782	26848
21566	26502
23536	29446
21281	27974
23352	29267
23793	28613
24213	29021
25330	27814
21576	27787
21401	27525
21493	26002
24375	29545
24793	26734
21110	29407
21219	26454
22708	28293
24753	26488
24911	27272
25367	29613
25039	26478
22553	28450
22881	27521
24835	28619
23566	28758
21788	27146
24614	26190
24128	29740
24624	27040
21273	27274
25087	29158
23032	29645
22264	28638
23757	29482
21805	25542
23131	28643
21157	25649
23026	26036
21023	27093
24889	27069
23532	28213
24244	25569
24141	26932
23264	26124
24833	29860
25493	27952
21006	27321
25004	29991
25208	26152
24029	28509
21109	28422
24554	25617
23904	29633
22768	27681
22766	26820
24038	29576
24805	27109
22094	27253
24988	29283
24839	27840
23725	28536
23721	25612
23043	26211
23591	27414
23149	25761
24706	27644
24405	29625
22248	25816
24057	26707
22636	26203
23007	27948
23196	29618
23975	26994
22311	25605
21597	28250
23504	27243
22950	25627
22358	29532
25498	27806
21421	26003
21941	28532
23305	27765
21632	27107
24882	29017
21488	28440
23694	29175
21086	26942
24657	27620
24562	28565
22870	26656
21377	29695
23162	28699
23310	26874
22091	29166
22524	25862
21201	25812
22146	28347
23596	27006
21957	29289
22592	29671
21242	26920
23609	27178
25011	26910
22793	29478
22750	27035
21324	29683
22532	26899
23741	25642
24021	26366
21937	26787
22256	29118
21146	27343
25212	27839
22112	29969
24975	28269
22682	29220
23082	26430
22775	29560
22031	26584
21060	29402
22499	29968
21071	26069
21024	26555
24388	26428
23022	29766
23259	26373
21292	28640
25299	29587
22107	27677
22929	27236
24284	26957
24900	29203
23063	27918
21738	29397
23930	28981
24129	27538
21205	26311
23774	27118
22622	29285
22134	26188
21608	26226
23204	26473
24138	28145
23181	28150
23936	25878
24848	28694
23679	26564
25219	28338
22374	27445
23068	26460
21191	29804
24589	28703
23875	27489
24856	25590
24477	26660
25317	28838
24294	28978
24037	29355
25347	26858
21773	29155
23243	25504
25320	27702
22746	29635
23896	27426
22050	27582
24214	26248
23084	29626
23260	26741
23206	29734
22701	27933
22189	25901
22830	27357
24930	28607
22955	26944
25176	25989
21388	28362
25027	26694
21114	29236
22782	27085
25309	29819
25398	29246
24331	29921
23769	29424
22104	25828
22933	26569
21591	28720
22550	29415
23241	28085
23153	27464
24738	27516
25438	28082
23128	28931
22632	27214
24366	28519
24484	29738
21116	26731
21387	28731
24980	25708
24483	26141
21126	26108
23893	26061
25125	29559
24648	25705
23158	27833
23398	25831
22625	26234
24273	29930
24823	25686
22518	28922
23701	29496
22845	26819
24955	27926
23460	27782
21791	25896
22928	27047
24820	26034
24423	27498
21573	27877
22171	29469
23852	25790
24516	27886
23356	27563
23329	28925
23734	28304
24578	27332
21715	27567
22223	29997
22650	27808
21517	26951
23658	25985
23702	25540
24959	26077
24794	26463
21272	27482
22253	25783
24232	26522
23597	29914
24654	26519
24749	27195
22182	29366
25203	25661
24041	28718
21471	26856
22012	28460
24440	26784
24712	28165
24733	28761
21073	27972
24498	26873
24264	28742
24301	25834
21374	29595
21348	26378
22220	26590
22465	28520
23914	28351
23953	27410
22200	27288
21422	28275
24397	26884
23443	26332
24625	29157
21080	29052
21532	28172
22108	26763
25266	29168
21938	27455
21184	26130
21701	28767
24581	28911
21837	25543
21522	26195
21410	28996
25484	25607
23826	26702
23210	27436
25080	29668
24292	27457
22224	28226
21055	28844
25476	26137
22706	29020
24330	26308
25012	27254
23476	28096
23093	27688
23730	29100
22066	29039
22545	29077
25160	27387
21722	26927
21074	25903
21027	29081
24283	26368
24969	25984
21176	25804
24575	28803
23974	27261
24568	28653
23922	26298
21099	25861
21799	25537
21329	27284
24351	27712
21868	25685
23308	26392
21014	26079
21425	29611
25415	29291
21262	25967
24386	27696
21706	26924
21062	25527
22588	28376
24910	29232
24036	25723
22853	27287
21436	28244
23123	26662
23713	27927
25056	27528
22808	28418
21808	28182
24240	26157
23543	29391
22575	26156
24697	29853
24000	26816
21625	27490
21361	27203
23828	28235
23199	26074
22529	25951
21614	26099
21097	29582
23877	28557
21303	28438
22530	28962
22180	27183
24536	27645
21774	29648
22207	28125
24024	27784
21210	27029
22744	29143
23045	25858
21049	29597
22878	26236
23076	27212
23412	29308
22503	26372
22752	28921
24333	29526
21552	28117
23400	27197
22784	28342
22421	26836
24796	27067
23338	27296
25020	28573
22709	28135
25479	27534
21133	28657
23552	29340
22848	25908
22666	26365
25001	29068
23910	27074
23323	27697
21671	28148
21725	26796
24139	29076
24085	29980
23736	29088
23612	28013
25235	29377
21523	29036
22850	27342
23294	29360
21406	26191
24056	27299
23369	28893
23391	26593
24939	28053
22969	26053
24923	27159
24809	28403
23790	26045
21635	27037
21494	26890
22309	25863
21726	25786
23573	28217
22700	29939
22403	28726
25190	27283
24984	26276
23666	27292
23869	27019
21603	26594
23303	27914
23135	27082
23039	29507
23346	29772
24198	27996
24044	28644
25169	27020
25314	26788
25468	27869
23005	29339
25052	25876
25178	28658
25284	25757
22418	29681
23698	29126
22423	25592
24571	27733
25105	29349
21841	25970
22785	29944
23322	26178
22184	28478
22475	29759
22597	27672
21558	26991
24344	28404
25425	29564
24218	26423
23211	29641
21350	29357
23366	26630
21131	26287
23343	28965
24387	26356
22852	28572
22918	27486
22105	28963
21402	29142
23827	26299
25098	27385
23141	29822
25383	28492
22068	29971
23242	27522
21845	25574
22574	28977
25025	27537
23941	29586
23882	28022
21447	27225
22598	27358
24146	27837
23425	28307
24215	29514
24656	25546
24393	26084
21370	29837
24816	26713
21472	26382
22125	28245
21642	28360
23673	28006
21826	26305
23494	29200
23570	25557
21918	29344
22479	29782
25090	27811
24731	27485
22173	28553
21689	26093
21435	26447
23481	28765
23002	29466
22128	29049
25424	29229
21970	26719
21360	28076
23706	25698
24693	27828
22081	26357
24391	27510
23198	29825
22864	29093
23623	26619
24783	26016
23444	27130
23992	27360
21384	29388
23915	27861
25443	28571
21559	27468
22873	26169
24378	26704
25324	28384
23320	27604
23728	28280
22293	29150
24272	28140
23505	26580
21426	29301
22281	27448
21022	26559
24893	25669
22080	29520
24373	25701
22022	29687
21537	27875
21108	29460
24766	27628
24117	28879
21806	26487
23742	26893
24725	27064
22391	27150
23327	25521
23988	28267
24905	29024
22147	29684
21096	25792
21561	29120
22867	27110
21524	27786
21381	27391
24432	27692
21330	28655
22168	27125
24938	28785
22975	29539
24065	29608
23675	27453
22968	28681
22408	25571
25009	27560
22308	26903
23556	28916
21193	25657
24845	29145
21962	29268
21519	27654
21290	28299
22008	25859
24665	28873
21496	29296
22654	29435
23176	29751
22318	28666
25340	27378
22154	28149
24340	28146
21302	27187
22527	29287
24649	29467
21214	28124
23375	29091
24572	27607
24494	27380
22565	27306
21929	29288
24774	26968
21340	26414
21268	27745
25273	27900
24864	27678
25157	26827
22436	27748
25065	26089
22205	26946
21395	27008
21256	28015
21629	27551
22003	28163
21164	27246
24720	28225
24022	26862
21570	29647
21803	29806
25003	28727
25373	25614
25127	29251
22486	29443
24444	29247
24224	29307
22064	26201
23559	27061
25022	27038
22809	27420
21714	28599
23334	29533
24541	26915
24556	28810
22433	25538
24346	26085
23311	29235
24406	25910
22334	27043
24553	25630
23755	29634
22839	25942
24115	28184
23396	26512
21510	27845
23533	25753
23314	27092
24913	29184
24007	29967
24937	28743
21382	28442
21238	27740
23059	26620
23071	28198
23763	27507
24932	28255
22185	27041
23959	27511
22637	26691
24023	26273
23883	28070
21543	28432
24782	26153
23382	28530
21942	27122
23831	29736
23124	28068
25483	27619
22383	26436
25301	28183
21556	26166
24471	27313
25117	27477
21341	28081
25110	27924
24862	29051
25334	26437
24919	27024
25146	27868
23000	29042
23345	28797
24689	25600
24951	27515
21518	26931
22197	27958
23203	27344
23085	26312
21383	25981
22541	29554
21065	27769
24271	26220
23142	26277
23040	29319
22868	27471
25163	27831
21458	27148
21853	25688
21439	26467
24396	28890
22102	26119
21158	27045
23656	27920
24941	27087
24415	27826
25446	27466
21418	26300
21283	29023
22148	29784
25262	25719
23117	25587
24917	28554
22193	25671
24238	29525
21567	29596
23493	25674
21536	27946
23486	29075
22745	28197
25327	26055
24974	27863
21003	28623
21211	26116
21396	27145
24721	27917
25210	28416
25370	28455
23705	26219
24431	29286
25410	27138
21779	27895
21923	27990
25186	25596
22946	29072
24125	29923
24666	29712
23643	27854
25159	29238
25401	25740
21280	29881
24591	29253
21339	29727
22471	27429
22132	25837
24552	29731
21824	29737
24642	26745
23244	29122
23709	27655
24633	27339
22476	29486
25032	27597
22704	27031
21775	27908
22333	27764
22222	26825
21111	27727
23269	25725
22689	28625
21102	26469
21762	27848
22123	27096
23676	26251
23520	29523
24574	27213
22630	28776
23523	26309
24903	28357
22043	28737
25168	28048
21432	27763
23377	26998
22095	26582
23464	26578
23571	29861
22556	26823
21190	28790
23448	26540
25329	29601
21699	25916
25063	28950
21017	28814
21257	27333
25313	29616
24870	27770
24047	28712
22455	26885
24362	29417
21135	26033
24996	26386
21926	28864
21187	27723
24958	26682
23535	26054
24557	29372
21462	29637
21335	28769
23027	28424
23489	27241
25288	26723
24956	25645
25297	28828
24537	26222
21875	28505
22127	28471
25389	27916
24785	25976
24195	26786
21222	25732
21230	29277
21174	29640
22865	29958
22531	25509
22528	26238
21463	27751
21527	27892
22140	27185
24801	28959
22059	26115
22005	25787
21668	26830
24667	27984
24347	27081
21380	27847
23497	26468
24799	27823
21569	25525
22265	26497
23312	28802
21593	29497
24579	29987
21344	26223
22879	26138
23620	29493
21705	25846
24389	25836
23722	27499
24582	28249
24947	29140
21521	26065
22854	27237
21327	28779
21398	26997
22922	29105
23006	27260
24145	27084
22234	29970
23475	27470
22188	26466
22261	27386
22295	29610
23503	26186
25353	28688
21989	27026
22757	27276
24542	28021
23041	28558
21909	28964
21816	29097
24481	28966
25458	27418
23195	29083
23099	27188
23389	27547
25026	28175
24185	28323
22778	27800
24109	27691
25463	28257
22034	29332
23885	26747
23102	26999
21654	28084
24412	26314
25040	28344
23970	27553
22504	25659
23471	28791
24762	29788
22000	28677
24594	28995
22045	28833
22771	25549
25369	29116
23759	26337
24532	29742
24593	27719
23436	27271
24053	27002
21414	25996
23428	29524
21916	27842
22549	29262
22623	29114
21733	29813
23568	25889
21376	27649
21399	27997
21093	29107
25460	26501
24407	29558
21444	25729
25352	25961
25355	28597
24758	27172
24576	29619
22424	27544
25209	27957
24684	26760
21809	27251
24443	27587
21134	26606
24859	28850
25000	28998
21534	26451
21846	26179
24465	27184
23603	25893
22304	26703
22502	29771
25228	27352
23221	28837
21264	27734
23967	28609
22356	28563
23627	28092
21935	25798
23245	26875
24042	28154
21413	27992
23253	28805
25474	25872
23386	28411
22472	29585
21185	28287
22690	28825
22398	27402
21180	27091
24437	28043
23726	26726
22871	29886
25194	28937
21246	29073
23710	29338
25294	29448
21059	29472
24475	28354
24509	29955
22292	27154
22198	27502
23636	26949
21141	29679
21429	26005
24995	26634
22343	26750
23610	29273
23807	27690
21467	25676
24410	26534
23640	26058
25140	29321
23266	26240
23613	26443
21258	29551
24206	28285
23406	27354
21574	29384
22371	26237
21307	27108
21602	25553
24515	26396
24771	28155
22417	29562
22076	26665
24126	26985
24715	27601
25295	29887
21130	26064
21947	28193
25050	27662
23036	28648
22254	28367
21583	28319
24174	28164
21766	27151
25189	28441
22710	29341
22507	28437
22151	27181
25441	25962
21905	27060
21138	28584
24083	27700
22843	28629
22145	25582
23430	28458
24183	29153
25075	29793
23849	25980
21961	27269
21504	29368
21860	27652
25077	27177
25255	29508
23884	28104
22002	26669
23860	29707
24863	28534
22258	28339
24718	28800
25287	27098
25482	27030
22624	28466
22954	28580
21616	25535
23217	28479
23429	27167
21815	25856
24967	29649
25008	26936
24427	27586
22789	28885
25109	25539
23009	29147
22069	26043
21477	28236
23776	26783
22056	27636
23318	28260
23156	25690
24329	25689
21503	27245
21199	27127
23205	26440
21952	26838
25204	28851
22734	27393
24847	27937
23177	25544
23402	29674
23150	27198
24683	25609
21416	28721
24874	28730
23682	25922
24251	29904
22357	26701
22159	27399
22291	28955
24067	26705
23932	28494
21693	29164
23194	27583
24781	27458
22568	27388
24535	29884
23062	26781
24136	28209
22857	29714
23160	27555
24092	29552
21473	26103
24014	29060
21756	25914
23858	26629
24943	26225
23011	29173
23472	25773
24713	27813
24073	26180
21755	26880
24172	28139
22452	27338
22141	28060
24035	27884
21216	28891
24316	25730
24613	28831
25422	29747
23463	28649
23342	29386
21735	27795
21482	29942
23278	25512
21641	27556
21758	29353
23427	26742
22711	28646
23393	28063
22203	29249
23213	27487
21948	28099
21228	27606
21336	27735
22828	27756
23344	28555
24935	25932
21098	26727
24790	29961
24063	29061
25311	25907
24430	29985
24660	26272
23281	27223
21250	29964
22290	28364
24342	27792
23962	28334
22130	29430
23433	27083
22869	28373
25359	26461
22122	25756
22533	26385
21869	27217
25263	26132
22027	29888
22359	28265
21870	29451
22088	25841
23103	26471
25462	29045
24501	29040
21971	27977
22092	28027
25337	25616
24211	26377
21819	27721
22314	28897
25335	27381
21084	29185
22082	26918
23999	27007
25494	25847
22895	25599
23808	27355
25183	27264
23913	26380
23133	26496
24487	25809
22860	27680
24647	26986
23788	26057
23625	27017
22562	28220
24084	27411
22119	28944
25242	29400
21028	27114
23289	29345
21346	27906
22569	27695
23578	27592
24866	27776
21797	27796
25391	28876
25130	26080
23434	29903
23773	27573
24699	27725
24058	29890
22437	28637
23388	26853
25384	27384
24309	26749
25497	26689
21891	29041
24265	27249
24854	26864
23708	29326
21881	28427
24696	27888
25182	29632
22641	27412
25486	26647
21085	25664
24470	25629
21354	28874
23200	27523
21378	29136
22760	25656
23355	26793
24478	26553
22327	28906
24476	27173
22590	27598
22921	26498
25452	25718
23161	29016
21520	26992
23331	26433
22832	27714
25119	29224
21721	26450
25432	28407
21389	26799
24398	27425
22685	26060
22827	29299
21899	29455
22101	29106
21600	27196
23251	29832
21172	28617
22131	27673
23108	28263
21013	26032
24841	25691
21196	28502
22077	27932
25184	29718
25495	29182
24588	26280
25407	28343
22539	29459
23938	27947
21599	26767
24617	26401
21716	25915
23137	26457
21403	25634
21640	28380
21169	27925
22676	29773
24112	25921
22096	29171
25489	29974
22972	28702
23919	29573
23065	25883
21236	29765
21832	26919
23237	28126
22674	27149
21438	26374
24088	26327
24237	26928
23952	26846
22817	28834
24769	28667
22811	29165
22646	25551
21767	29841
24473	27044
24071	27941
22958	28881
24639	29013
24612	26588
25445	26950
22289	29003
21225	28029
24297	28388
24682	26303
24619	28491
24191	26306
22942	27018
24319	28886
25339	29491
22764	27199
21928	25949
22412	26035
23558	28535
21789	26527
22617	29480
22444	26483
21459	29202
21737	25993
22660	26403
21491	29875
21320	26886
23285	26652
25375	27962
25379	28972
25079	28827
22435	29646
21669	27417
22458	29682
22600	28912
25328	27687
22725	27929
21606	25568
24249	27664
24779	27056
25067	25526
24999	26773
22844	26334
22985	25728
23689	27170
23989	27300
24677	25585
25114	25931
22235	26274
21670	25693
25138	25532
24525	28636
25444	26485
21530	29544
21902	27033
24137	26865
23830	26446
22388	26692
23240	27456
22816	27893
23958	27371
23119	29279
21545	28359
23696	26548
24852	28490
25156	26259
24871	28923
23256	26082
22802	29720
22940	27341
23404	26714
25084	26376
23862	28539
25290	27308
22661	25724
24428	26710
22601	28206
24507	28221
21628	25891
23239	28128
22982	27773
24433	26761
23911	26892
23104	27872
24106	26545
23834	29256
24978	26683
22040	29531
23593	28454
24605	26172
21511	26960
23441	26142
21507	27791
21626	25702
24454	28949
21456	27549
24468	29976
23998	28106
24540	29581
22791	27659
25275	25589
24438	29848
21911	25801
21977	27915
23307	28942
22155	27301
24019	25973
21997	28410
24608	29792
24110	26607
22431	27731
24707	29920
21371	27741
25147	27838
24830	25939
24981	28295
22652	26740
25322	28757
23841	26146
21314	25751
24879	26661
23155	29816
22822	27684
22347	25918
21719	27102
23013	29119
23659	27807
21446	25972
23222	29406
24518	27755
24844	27780
23519	29189
24472	28830
22930	27469
23012	27242
25282	25514
21178	25706
21291	28732
21393	29192
22669	28361
22319	29752
22466	26198
23175	28898
22372	25979
22644	26549
23372	26739
24691	26078
22560	28583
21100	26348
23918	25853
24990	29565
24451	26737
23164	26791
24105	29179
23420	29342
21631	28601
24177	25870
24506	28417
21325	28503
23797	25710
22861	27797
23049	26000
23074	29516
24741	28391
22242	27821
25261	27571
21484	26989
23618	26208
22899	29926
23431	25794
23277	25638
24448	29196
21553	27427
21286	25667
22582	29696
22721	26320
23518	29878
21171	28939
21886	25734
21078	28605
24094	29109
23664	26863
23724	29419
25351	28784
23943	26664
22320	29403
24832	25735
23309	26347
24920	29263
21165	29692
23526	29691
23183	26604
25055	29883
22144	25548
25188	25712
23145	27290
23771	28144
22794	27465
25247	27718
21231	25714
23836	25785
21792	28229
21541	28775
21906	27648
24314	26369
21113	29492
24992	29528
22084	28821
21237	28562
21020	29796
22158	26738
24492	28548
23295	28678
23820	27752
21568	27004
22001	25670
21356	29780
23805	27975
21212	25838
24838	28566
21963	29240
21697	26882
25344	28091
21618	26371
24418	27880
24904	26209
24806	26438
22662	28444
25058	28487
22534	28860
21531	26409
24127	26361
25271	25747
24188	29651
21293	26398
22061	28816
22493	28398
23933	29947
24646	28328
22862	26751
22276	28863
23075	26242
22350	28080
25064	27850
24148	27428
21995	26597
22670	27123
23991	26006
23778	26217
24325	26326
24659	25713
21572	28192
23608	26090
21159	29018
25237	27768
25116	26513
24278	26175
22109	26595
25485	27500
23699	26708
21411	29535
22342	29422
21587	26037
21010	27987
24150	27505
23090	27624
24989	27052
24276	28003
21044	27603
23832	28247
24658	26941
24296	29169
25257	25955
22492	28919
23301	27285
22434	29228
24825	29666
24976	27117
21415	27963
24392	28356
23275	28577
23465	28173
22618	25986
21793	28626
22352	26695
22663	28709
23179	26475
21052	27959
25041	26560
24353	29895
21248	26800
21851	25547
22121	28635
23670	28974
21319	26894
22285	26070
22747	26394
21153	27707
21609	26579
21549	28913
21386	28538
23926	26267
24028	28960
25142	28508
23567	27461
24700	29015
24754	29127
25180	27133
23298	29732
23261	29325
23723	26028
21730	28467
25453	28871
24524	29548
25141	27532
22847	25887
25316	26940
24502	29498
22515	27574
24895	26658
24985	27859
23202	27820
21112	26290
24257	26956
23470	27988
22525	28889
22389	27080
25215	28575
21221	27524
21499	29037
21800	26452
21529	29609
21747	27531
22815	25683
22913	27857
25111	29174
23207	25567
23590	27247
22273	27621
23544	26568
24547	27337
21460	29948
23861	26106
21975	29761
24302	25978
25148	26643
24549	28396
23996	29080
21822	28969
22135	28622
24954	28259
23838	26933
23407	25608
21682	27887
22464	26755
24154	29409
22021	27580
21004	29180
24348	26184
21691	28870
21981	26813
21913	25995
22718	28446
21954	27612
23038	27545
22643	26758
21026	29984
24730	26185
21546	25793
21557	25715
24671	29808
23483	25952
25442	28759
23565	28178
23151	28349
22596	28052
25461	25754
21365	26531
22306	25581
22364	29216
22800	27998
23822	26145
23770	25869
21469	26148
24560	27063
24527	26967
21390	27706
24701	25998
23985	27039
22824	27432
23147	29900
24404	26546
21448	28684
25134	29197
22996	26913
24750	26947
22683	26889
22522	27267
23091	26321
24142	29965
25205	29510
23238	27204
21657	28047
21015	27939
24787	28397
22058	25755
23879	29872
23130	25726
22526	28142
21581	28194
24703	26995
21820	25650
21076	27729
23870	26845
23785	28286
22585	26674
25345	28177
24279	26912
24161	29743
22166	28606
22399	27578
23791	27227
22204	27171
23982	29503
23098	27046
25037	29250
25133	25663
24011	28309
21498	25775
24098	26194
21812	29572
21486	26870
24714	25677
25129	28878
22749	29389
25126	28845
24878	29198
21337	28201
24282	26934
21736	28430
25104	27207
21043	29983
22696	28861
23462	28662
22559	26168
24434	29254
22382	29678
25419	27789
23546	27374
23083	28271
24372	25803
21784	27166
25417	27359
25021	28112
24875	29932
22194	28116
21880	28214
24077	26406
21464	28671
22126	26511
21068	27564
21934	26231
23272	29963
24508	25885
21443	29421
22025	29096
23692	29659
24626	28936
21430	26256
23667	28493
24034	29069
23847	27805
21137	25631
22649	26019
21589	28136
21844	26790
23367	25912
22605	28435
22430	28551
22694	28581
23804	28476
23252	29847
25480	28762
24776	29434
24482	26722
24977	26869
24824	28352
21251	27518
23347	28219
25113	27911
23332	29592
21409	27407
23783	29999
25268	26779
23148	28316
23271	26635
24360	27113
25354	28799
22163	27671
25082	27336
23010	26420
23522	28675
25222	28120
25426	26216
21718	28701
21181	26520
21763	26547
23768	26189
25086	29826
24522	28375
21542	25759
24311	25820
22172	26663
21229	26684
21813	28086
25478	28169
22247	26164
21863	26258
24189	26020
21243	28552
24223	25652
23297	28674
22810	28341
21054	29371
22555	28685
22610	25573
22681	25881
25363	26413
23688	28327
24447	27398
22947	25854
21751	27003
24409	29579
23055	29111
25158	27256
23920	25736
24225	25619
23249	28413
23053	29978
24497	26479
22911	27244
23964	28377
23545	28896
22514	26979
23072	29981
24210	27504
23683	27910
25267	25742
21526	27608
25024	29104
25135	27922
21287	26518
24735	28097
24629	26029
24569	29660
24074	28813
23187	26544
21277	28353
24025	26596
22628	29755
24692	25868
21598	27559
22361	27281
25349	27626
21624	28540
21590	28600
22885	28676
21802	25694
22323	28750
23174	28853
24252	26676
23070	26536
21368	26343
21338	26834
25418	28041
21500	26425
24742	29028
23445	27051
21090	28237
23115	28335
25395	26720
23907	28740
24043	26509
22396	27309
22414	29556
22317	28656
24245	25731
21604	26170
22348	27495
23335	29128
21263	26171
23935	26286
23110	26613
22006	26837
22303	27419
24734	28846
24474	26805
24123	28202
23564	28602
21122	27023
24285	28989
24570	28058
24203	28973
22837	28208
23512	29868
25472	29113
22552	26929
21817	29571
23661	28543
23280	28195
21038	25975
25214	29791
23965	27413
24250	29030
24452	26887
23255	25990
23507	27334
22509	26832
24559	27832
23542	29439
23501	26654
23890	26023
24166	26587
23835	25682
23387	29836
22576	27491
25061	29656
25362	29252
22379	28680
23231	26233
23600	26778
22767	29099
23740	29086
24948	28549
24961	25796
21063	27273
25181	29479
24113	29937
22621	27496
22987	29324
23902	28420
24320	27180
21994	28284
21480	29962
24858	27078
23700	29662
23645	28938
23086	29617
24010	27406
22386	26696
24604	26895
21070	26867
23214	28292
24664	25874
23729	27501
25477	27179
23374	28957
22279	26636
23601	26697
23529	26815
24678	28818
24204	28533
24728	28200
22970	29779
22535	27444
22098	27995
25331	27304
25033	26680
23595	29284
23950	28472
22251	25835
24662	29025
25081	27602
25016	28654
21502	27009
22390	28040
23798	29084
22686	29922
22054	27879
23192	29255
22730	29375
24628	29313
21440	29333
22409	28303
23357	25814
23228	27543
22179	28436
22337	26993
24926	26212
24107	27302
21839	28749
21605	26574
22602	27089
25278	28409
25006	28276
24490	28652
25387	27836
23028	26659
24456	27409
21249	28001
24851	26388
21451	26911
24873	27623
21385	27771
22169	28290
23777	28729
24896	27938
22316	29110
25044	26525
23976	26508
22213	26835
22367	27472
23457	27239
23629	27112
23171	29874
21148	29701
23981	27991
23653	25769
24093	29879
24208	29502
23234	26938
22736	26857
21787	26975
23468	26227
21106	29413
23380	26859
23856	26801
21834	26516
23466	28630
21777	29149
22523	28102
23129	28527
23208	28628
22024	26891
21887	27767
24459	28714
22296	29928
24526	29181
22063	29811
25124	29102
23525	27613
21634	26868
24441	26232
25397	26072
25365	27889
23509	25604
24831	27053
24079	28281
22783	25613
23122	29919
21904	29815
24357	25533
23173	27615
21888	26809
24748	28402
21596	28272
25018	29405
23865	26009
25411	29115
24369	26771
23362	29733
24368	26040
21129	26205
23737	27829
23118	25895
24686	28211
23488	26318
24687	26182
23745	28789
24566	29960
25028	26059
23143	28801
23575	28866
21548	26729
23051	25936
22887	28024
24371	28546
25060	26503
25068	25788
22456	29941
23810	27230
25356	28990
23901	27743
24103	29677
23439	27864
24523	29195
23727	26444
23781	26724
22998	25501
25333	27293
23647	25743
24338	28372
23461	27503
25470	25913
21535	26404
25360	25505
23413	29846
22280	28683
23766	25524
22919	29239
22297	28987
23978	29506
25196	28118
23031	28994
23114	29588
24328	29248
24558	28262
22221	26624
21945	28669
24797	28340
23004	26524
21437	27713
24258	26948
23326	29376
23539	28498
24609	26322
22769	28976
22699	27622
21862	25994
21828	26249
23184	28451
24461	26295
22209	29814
22010	26154
25137	26352
23684	29454
22931	26261
25390	29063
22487	28090
25230	27403
25094	26458
23944	29450
24634	26851
25166	27953
21152	27726
22986	25911
23848	27817
21873	27320
24668	28325
22376	29905
22065	25660
25234	29574
21898	27478
24426	28264
22677	27647
25015	27073
22740	26162
23894	27853
24800	28515
21392	29054
21980	27630
24708	27441
21893	25746
24808	27969
23019	26351
21889	27891
21967	29725
21183	27297
23273	29293
21345	27205
24266	28160
23527	27155
23604	28127
24912	28585
24455	27394
25185	26592
23146	27897
22227	27968
21091	28786
22023	28516
22756	29865
23584	27028
24120	27708
22496	27111
25199	26196
23095	29661
24813	29504
21903	26575
22892	28253
25487	28366
22099	27090
22157	27390
21900	25610
21417	25639
24200	26492
22687	25898
21704	28291
24973	28561
22039	29709
22299	28900
25139	28218
22162	27115
22244	25900
22271	27311
23872	26964
22797	27966
21433	26765
21554	29201
23531	29123
21768	27799
21739	27827
21872	27642
22580	28855
23246	29067
23880	29358
22177	29265
24815	28840
22659	28506
22888	27325
21761	25924
24679	29484
22951	29393
23144	27870
21200	27785
23720	25824
21867	29210
24672	26349
22742	28770
23017	29829
23646	29278
25167	28941
24927	26900
22801	29212
22814	28204
23735	26618
25197	25744
23731	25960
22543	29972
23276	29473
22905	26782
23060	25833
24723	29070
21420	26402
21993	28282
22932	29670
22611	27517
22269	28300
22211	28500
22026	26655
24090	27226
24688	29517
21778	27025
21349	25520
21675	29998
22156	29449
21405	29599
22310	26623
22707	29167
24909	26018
21066	28227
22561	29008
21294	28469
21979	26642
23079	27951
21711	29033
23223	28591
21897	25802
23360	25778
23081	28670
22635	26246
23510	29362
24607	29511
22841	27094
21245	25741
23087	26341
22394	27730
23267	29219
21732	26539
24170	25954
21492	29378
24918	27983
25122	27812
22277	28809
24705	27699
21276	29223
24511	28992
21639	29002
22446	29667
22926	27099
24385	26125
22795	26645
23587	28141
21105	28408
21195	26296
22990	27761
21501	27956
25239	29038
22667	28867
24740	29787
24400	29453
21514	28663
23418	28004
23018	25866
22419	28947
22428	27715
25332	28161
23365	27694
24207	29789
22373	27076
21798	29385
23348	28036
24755	26096
21143	29898
25118	25890
21363	27866
21455	27600
21540	29543
24759	28576
22257	25934
25038	28862
22616	27871
23508	27124
24821	29139
21005	28524
21304	26943
24651	25805
22114	28746
24116	28513
23265	27852
21688	28531
23170	25956
22218	29186
25380	27401
23008	26415
23857	29812
24899	27558
24761	29911
22963	27772
25336	28933
22249	27512
22397	28887
22988	26122
24521	28423
25095	26650
22952	27208
22116	28880
22595	27668
22315	29300
23283	26609
21920	27433
23586	26480
24829	26679
22009	27032
22365	28186
25409	29680
25187	27000
21485	29431
24089	25508
24151	26828
22558	25641
23061	28751
22967	27307
24131	29211
21579	26996
22495	26802
22033	26818
22441	26024
23016	29066
23397	29850
24685	28988
21953	29537
21506	28542
21575	29141
21310	26507
25348	29354
23496	29529
22215	26883
22042	27682
24274	25586
24843	26262
23813	27783
21580	29398
23411	25832
22422	27451
22341	25621
22858	29909
24550	28130
23715	26506
22934	29310
21681	26476
24449	25562
22498	25510
21710	29745
23218	29809
22716	29206
24165	25717
22363	28544
23030	29364
24221	29380
22833	26448
22671	26354
23132	27876
21083	26756
21508	29271
24846	26345
24255	28094
23747	29704
23615	25707
23752	29475
22103	26770
25179	28240
24885	26324
24075	26752
24726	29057
21445	29335
22152	27967
22893	28174
21001	28792
21312	29912
23662	28952
